2000
8640737
8258798
7266046
6080473
9597759
7942856
5772264
6612206
7571033
5600707
7232120
7185578
8757902
2902632
4729467
1429749
3492607
1429099
4112910
5376687
8008739
1727277
5824724
6323956
595784
209793
4752054
503120
6162989
2139169
6603187
8080025
5008879
1911905
956183
1165926
3063469
9035702
3839779
284017
5724442
2443705
3030022
1428848
6697462
1699869
7587304
6521702
9601664
8556607
6065098
7161343
6300970
1651129
94067
6388591
4723869
4870431
1221760
8737526
4588803
4166585
779265
377440
7520846
9003072
4104186
3457623
2604109
9470415
3550508
5453431
9377317
7449813
161333
9280092
5399591
3075133
5974111
9940935
750198
8613063
287707
6373205
4912624
1742221
6825130
8605385
5025790
6048933
4972287
5889803
5537334
3752817
3272591
5780600
3011581
7287774
9725511
5324390
8652065
6368859
645819
1230548
3574126
6472735
1063655
256344
7386750
9113277
6549701
4533053
575772
4953156
2565217
8703019
1985206
4957388
3041692
565705
1084169
7261392
7861350
1101617
1079524
7196725
6260263
656479
4110506
5432802
9485226
3710976
3470469
9772818
2867618
4240878
5501585
1776321
7462630
9313481
1583569
6326776
2265740
6805699
1472560
1786093
9296774
2124487
2790593
2908334
9029883
9439699
2828817
2455091
3155004
6597673
7073963
2975333
8538886
2720678
6063509
5898939
7344030
8670151
2607867
5192565
8829860
7437838
891506
5895569
5159309
9590006
1263261
3159892
6187992
5583344
3178200
9294511
6116839
6575120
5184686
8505861
9130322
87131
9414753
3662888
1191932
5616265
168070
8142558
4341937
7135958
7398348
6754834
4299157
9409259
1671753
5266152
6636012
5354593
6678295
4579397
7544307
9529235
6604805
6697293
3876401
1839924
2406501
6833084
1828084
9275193
5625153
3859081
2277780
6014972
5544146
8682031
2239796
161147
9928318
3864676
1723478
7305504
8441848
6265025
8904034
6043593
9222578
3945224
2476641
1341121
1479401
1477170
5278309
2045833
6707972
8834491
5536508
3700365
893013
3646977
9251335
4513650
3969286
5092856
6825800
2966223
1737344
4757409
5648439
852092
2024510
9476372
5899904
95931
3406770
2540017
4484395
8264181
6667338
9821483
3049220
5111168
8883624
2079632
7388772
520605
3309241
2887240
8036022
6592537
5062078
7182336
5885454
6366333
4720987
6456961
90892
1673811
9084917
9787895
930812
4570760
9938841
5931533
5933569
8389386
5683190
9411646
5952688
1678884
180176
2015338
791454
6355275
587167
5012807
5040144
4541098
392139
4308464
1000164
9514927
4033446
1043152
8194242
8516626
313216
5323010
9668573
4334442
1115898
316890
5828369
1096699
9424871
7877316
6675599
9561531
3674512
6065809
3266087
688238
7108629
557306
8960049
2614493
8396235
5273753
5370100
3090022
1512165
2775759
9033520
7235112
7665501
937775
2411931
2818076
1653982
4515106
2472083
5635753
3977018
4440855
8749179
919732
1363615
5103670
2714222
2641582
8127702
6752446
1495464
2976591
3377682
9201641
1581865
4238341
1965178
1531577
3479066
7496906
6969570
1049044
2176725
3222858
6329782
8532464
553049
6029876
404376
4009051
8211470
2268057
5283118
2364850
8322068
6310708
3561982
7135039
5848994
7004872
9135089
5710484
155309
8656998
42295
6097576
3643281
1472758
61625
4971495
2138855
5847724
5574266
731888
3290047
1639350
2028835
1656199
8881472
7981170
3419504
6631290
6313902
3045883
8990232
237289
2383777
8495222
2349677
3550781
6796550
2252069
9368524
4197159
3895343
8395500
9859373
4091962
8922874
8566547
8420931
6518407
8433345
8615916
4632959
7956956
8287155
9333666
9590472
5214920
3811093
8354645
2484048
6892390
5447198
98760
6481572
4978959
5121757
7437022
3707218
2461981
6974141
1973869
4165396
7185396
4355821
1100511
288051
56992
8647826
2479948
8483994
3764659
7930056
7416574
6270838
2861136
8796998
834176
7600083
9397919
1642752
3747167
3309856
4231889
2871172
7726382
6220357
8597217
6292078
2302406
7678975
2020284
7887786
4144133
4772959
8328230
1155919
5719780
7837474
3602368
16457
985503
7394113
927475
1677270
140175
5109954
7050682
7861890
1659735
6057915
3985237
561290
4860462
345045
479786
2509441
2672392
6253104
8489296
2264115
2126063
3789375
3487343
3953457
4407132
8569443
2836237
7351938
752597
5943930
2296845
8872364
5732144
499645
8058597
9844200
6303616
4278655
6454525
6537334
3046811
3977862
1238322
3879108
151010
9374859
1699183
2400882
7598265
1376734
6701962
1695438
8576924
6648504
2703644
6190832
8912735
8749396
6723760
4003482
4016097
9724964
4132815
4098915
1071118
5381013
2102203
55121
7733339
9660487
712323
6695909
3036793
1460313
7539322
5708874
8912425
5342458
3853132
2041293
4426669
6874811
1638513
3472295
7560830
5755923
1847387
1761263
4600592
6639012
6023679
7982752
6415662
3033430
3172925
9243517
1217872
4413894
7779490
4742151
6319976
7316564
2688504
1435539
9566035
2736607
1260837
8487716
6262997
3749618
4202348
3887354
5693999
2563210
1049346
4845709
531468
4744322
1808408
1828672
9439317
7157235
7614823
6124342
1923524
4766953
7754259
2266668
9965152
9708582
2738970
9133508
4892432
8627137
7309082
3469251
9502127
8771822
3622357
3863037
2599742
4931534
7048488
4415100
5239948
5289831
4373863
4681279
3339073
1129707
3699617
2286780
3966942
9631649
7750531
5682310
7732174
6811753
166130
4029979
5823710
1097729
4523440
8617657
8114891
5033573
7281687
3409666
6922970
8279133
9013062
4470183
5682638
2464841
7983700
730235
591510
408842
1428962
3232799
9749325
3185815
4724647
3790925
7403787
4139542
3676358
1546207
3735617
6835207
434742
7625762
3028159
2006257
4220594
5203703
7687281
8441422
9741586
2977347
7390616
889331
4381507
9796663
2051447
7812111
5121833
3983843
6987690
9606193
5102622
3595706
2129509
4296033
7208105
8905348
9420310
2521894
9074209
4543430
4130294
9507426
4425354
2705618
6958653
5936539
9554248
8789282
1663326
4205055
5171414
3625277
3646410
1791192
9059604
9199765
8074269
6656914
2299355
1685770
5647298
3720303
6791967
4572784
791991
5166916
5792580
8062440
1711504
2907933
368729
3009079
67246
7125960
4583055
6300387
3342452
3542433
301133
8028560
2612192
741688
8635520
5831463
9009468
8570463
667865
5435261
7707878
2346047
5033968
3004671
196350
2783012
3437611
3057775
9301316
3700088
8916400
2538920
3460319
5739018
8235522
3405893
9534756
9277901
1734991
2795646
6856522
4923854
7577099
8481358
2282052
6445552
8427488
4398251
1123090
7367022
5704103
2578962
3053231
6109544
4012788
5058730
6462318
129961
7848456
6396015
351287
1909388
5880256
1969122
8507055
3515506
7214520
6984627
1627167
3715956
4035139
5485242
6207640
2748163
7289314
6624109
9709418
8283200
883496
6574848
9302003
6747113
5504845
4935426
5679655
6305350
3493469
757340
7408836
1498030
4936834
4296282
407173
8962982
3301385
2591964
9312072
6214447
9013391
6472940
5792974
9986074
6565968
4917876
677223
1558496
5104607
3293974
9590590
1273979
2444933
6059034
3626976
3911205
5604112
3279642
498541
504022
9264022
1350313
6097107
9056231
9666802
7858710
7882621
2357721
6184116
1196173
3587344
7764250
1202469
407746
4671182
9916813
7637384
9178836
6560102
9737457
3325608
2778860
5002612
6070214
4794160
343087
311179
6737616
2610367
5790214
4738654
5625083
6956748
1485188
5388577
2228598
9747287
74755
9401404
1001935
6458750
3886000
9271979
9132298
7654899
1356197
4364723
9095786
4424476
3557640
9398589
7533286
2753756
4286630
4507735
9223280
2627937
9037093
5294903
491592
3153846
6074482
7585435
7541477
7233234
8314964
61367
8915857
3133943
6545716
4309679
1944733
4104269
2151916
8851296
2063390
61564
8961121
4093693
1713436
411175
7427363
9155710
7692867
4122818
9138952
6140279
7228176
3078637
7388428
1341768
3681659
2419597
8405726
1920170
2259056
1601622
8939258
2554979
5532144
159894
3638933
5376592
4585667
2036849
3298583
7970050
1767536
3584600
8231786
3469559
6542298
2315426
5952739
9366410
6454663
525744
1410808
7505394
1248314
6016947
4220667
2881433
8914935
1458974
6828394
7225731
5247451
3321722
9506580
5587678
4315196
771048
9090743
882773
2067831
9091091
8710511
6298609
5280379
2198670
1352882
2959198
2543202
7385845
945692
5650037
1238955
2048267
6889400
5242536
3692369
2345187
5990285
5124158
3294928
8891498
3494605
6832873
7239653
8935276
8452156
5670183
4887443
9645911
7896878
141045
3471655
6176469
5048734
3916910
534271
3755269
8525167
8600442
5251724
9749642
5446574
9946064
8820352
5628153
7251419
7666951
654727
1358031
8175220
5698345
196785
1197409
5934899
203375
3793138
8665752
7339445
2182546
6198420
6847705
5465914
7062981
7437469
6480977
4720991
6800099
8188107
4043778
2682864
5052927
1314142
6456277
2109810
1489839
587118
1878591
6251148
6127967
406528
1775681
9652308
5732271
6406233
9609409
9965267
5394449
6136132
1828665
7354648
1689821
8490075
1351120
8418832
1788381
9741734
4268730
5592599
1792662
1362554
896453
9764395
809237
3220231
5680832
1526994
9199303
2934966
8538202
7093725
2641405
2789172
451434
9465998
8160781
9887861
518599
5092173
9136913
7742208
6294387
5388601
8828493
1677464
3850819
6513737
6986719
7879974
2103797
3542615
5483547
9959765
1554200
7879778
1515916
4466744
9916112
8518605
2455166
6520152
6110098
8971686
4665968
6662471
7921449
2938531
8634939
6772697
9633009
6443798
6339857
7487853
5923992
9790013
7106214
6205013
7514311
6353814
9098886
5403438
1295928
3237278
7666483
567910
1329009
5991634
2109054
2644509
4855867
5653030
9239477
1118239
870957
6867525
404420
5452610
8591367
2401809
8340846
6530292
707224
7038553
1815914
7068811
5038528
3203539
2331223
7691998
1051346
9512913
6083021
4254671
8315347
6624986
8047132
1034055
9988488
3709010
5700965
8090455
410262
8954295
1246300
7846899
8484550
532136
398757
6397391
726528
3388427
5872662
4547374
1437840
2045542
4940899
4323210
7908198
4747127
2980524
4856156
2171602
7355135
4784957
8337607
3593647
9410333
3221110
1265596
6443847
9363696
7671373
6052876
9552723
5724887
5294512
8978078
8522492
7924224
5224572
2407178
3190281
9109392
165448
2248324
226403
6509128
8081606
5561668
7351143
8414626
227722
6053917
7411108
3233916
272418
7257268
4885902
2390333
1846952
6462562
955809
1775776
241387
4665730
2883848
6032518
5395946
3501312
4736368
2969269
1598203
780260
5068344
3411231
170508
4358347
8857627
1198721
3199214
8711375
7184461
4350371
1995512
8641807
7013252
8776936
6160842
6612799
7439222
226989
2864085
9007912
5927321
199032
9952209
7557644
3375190
4291640
5790868
9640637
2979152
4970389
3669601
9962109
2296203
7486519
5809433
3567149
5245401
4769052
1459720
1793531
8358376
363214
5614100
6523245
667902
4423917
2938526
2290813
3787365
5272991
6544493
329924
6004245
5425759
8582004
6316742
6910952
5992197
8505375
4477280
3618540
4864414
1111074
2519410
8357477
5292586
9000765
3169313
5922178
7709374
2207669
8684270
22237
2441124
5707501
9359111
6253658
6124809
8838723
7455273
5213994
2072521
7844110
9559710
244463
8310988
3998227
4318760
8131346
5954966
1622073
7108048
6752722
1187460
9740277
7531056
8018451
9980293
5565369
8152861
7159267
9155300
3397020
3134839
1382690
3921707
9530100
4671402
1497276
9290674
4277362
2743427
6025613
8789026
5279341
3825517
2953462
6564377
7671743
4996569
7287039
248384
2700966
8813925
3927623
3556795
5173470
8615862
1734167
3152591
958416
8696591
362361
1103749
4530099
7763578
5590884
5516555
1251330
3578355
957641
5761478
5962684
62377
5759109
3016194
8606257
4118075
7788699
4529974
5354041
3327703
1572592
9125835
3081994
2594016
7662806
8712665
2460202
4653086
9450428
5240634
9007981
3839297
6573875
9867240
405266
2326033
7547325
1870664
2583928
2762610
2927337
3101972
78996
2869178
8847564
5948709
8219329
4841115
1357821
2994974
423508
3042982
6021125
8004286
392225
2477037
946133
7599427
6806436
3639937
8845235
7846684
7908898
7203579
7473363
7901652
704694
1819704
2609059
3468280
4213359
7034896
2485028
9962670
6891780
895615
903410
817045
8023623
2423754
3922221
9244697
9808588
7154855
2415885
4556931
7277593
8173191
1855042
7015622
8594861
9574155
4417915
354913
6247608
963735
7446706
9211099
3338177
5939991
8033731
6289836
7495946
7340955
9192750
9874873
9215330
6504956
5900702
1922636
6158592
5133563
9587200
5778106
7887417
7353828
4669221
5744640
3375165
4686222
2569924
8214312
3196317
9684789
9503840
49543
8559127
5668093
6382440
4379663
4507267
443112
2716652
6391348
7804108
8288769
7011655
2140898
4158249
6248707
1324544
9755326
9511189
8511786
1225039
4673525
2663125
9012412
5548941
4407224
1426535
3551691
5626272
1372004
8234781
4484627
6090640
814096
546758
4606152
2898870
178333
3569949
7646699
9898592
7696077
3690645
7441511
1513399
577632
3015779
8761300
3581840
4385137
9055501
7398597
5825790
9641399
9326464
2274712
8836548
8396363
1833385
7335813
1708159
6969712
4004145
3611644
1924257
2069725
797243
4004842
4665160
6380143
3731351
1117064
279706
776017
4320311
9367071
7681579
5349262
7541500
8014196
3184138
2409979
3337240
9776013
3187394
3410215
3196051
239568
7537064
3923708
6843380
510267
5277945
1925931
5493671
7375988
1608558
3622675
5915171
6505106
9638393
635513
3688004
786497
8748749
5085789
1755527
9849263
1165711
4186620
8554532
9894426
2675278
570331
5895381
8193210
2654603
2842536
2776613
1717262
2080634
1088895
9847818
8570309
9674409
3428666
7145433
1398623
3562522
579866
1102572
8106767
676487
4075689
8036459
9689039
8085774
2506759
2968339
5947740
7349241
5640952
7664204
9281385
3838364
8711375
3480427
8788690
6830627
6836226
5617109
5097058
88448
9212051
1927965
6493223
9732887
8665964
8577032
9965034
6333366
9466356
6477280
6939232
7356456
5295194
3019712
2105188
9137352
9751481
9425602
4901627
8423212
9953407
7186904
9454257
665634
3475395
6302291
946304
6619064
2029259
4945288
5152808
5283502
2934700
2310495
1140371
2030189
1125681
7542153
9264638
8033590
1719657
7388508
9123100
6850094
8632517
7798157
3858686
5445309
2249984
6334436
675507
5033899
3543216
6276620
7983371
1327441
2185362
7465011
3617266
1374754
181580
833668
6861012
9558794
9613844
1497758
7714208
6475463
4664742
3225822
3410541
3012957
7549457
8901778
8670053
8998259
6660846
943616
5633685
6303141
8301956
2591103
2225557
7117456
4461210
7376931
9162096
9183807
7156341
872778
4860064
9673246
4949554
2336932
5967811
8350895
303002
1661446
2156204
6483164
246902
9606376
2115845
9086822
1523328
7284834
2724908
7138769
6271400
6353823
7600140
2129988
7663982
1030520
63020
939343
7883354
6736314
4881209
5356590
6838316
8937974
8919735
504740
8226668
8527169
2847399
279022
6305390
537801
4055868
8603829
5077939
5643603
7522773
5704192
7840845
6465283
6869576
4675802
8580743
8420899
4302066
686653
7828655
9733361
6254933
6306583
7895289
7292321
2805344
4376881
4565577
9051488
254936
9260171
6767096
5818295
9336260
8741467
7794239
7768079
130947
8083592
356521
2191856
852977
9539423
4504789
486371
3582158
4103459
5605250
1136254
2986336
1019132
3904257
1155513
9436426
4616627
8319759
8793953
7638387
8988677
3010133
2216404
3650263
5183391
6302567
3101876
6046218
1790284
2344583
8023717
454367
3228335
7054471
3719114
7692258
151377
9488362
4466078
6950774
221856
4988512
4796799
610854
449391
162102
8378091
5593542
2519748
2266326
7737187
9874113
6864264
5873090
4938914
2312370
7939349
9425451
6251581
4558085
2144835
3284691
3011097
8781798
5980866
3007469
6274262
2374781
5133609
2198013
3299740
7842572
1042254
8168121
5519965
1972263
4702179
7740023
9195787
6128704
6054757
181208
3908066
2181623
843178
4881533
1731969
5340496
9548744
2938585
129904
809335
8956232
8992469
82054
7658751
6160274
6240974
470265
1932625
8339672
1530404
3280546
2018129
8787664
2356760
6754765
4855120
6064851
7555815
4511195
7655471
831548
1317418
1084129
5087512
6055703
5998679
3950535
433435
7190499
8169215
8294482
5586538
7598314
3688729
6142818
2678819
8472541
7646507
3496622
8375773
3502003
4986586
766703
1064537
7324202
3931532
4071896
420972
7659386
7988547
781074
9821410
8071537
2779280
4860186
7770071
2756560
4986660
2024825
6489192
2236850
635206
7979130
3476849
9191785
680918
7356510
6814426
4092958
596374
810722
6593220
951105
7778532
4912429
