86518
92152
15373
33542
81564
60312
63462
52607
57340
85517
57519
22345
85761
16294
15065
63163
12001
72722
87312
90225
20866
67120
69852
35464
95188
15165
38137
17465
40705
88522
47956
49555
82734
48205
95998
50148
59782
31518
99702
83822
47386
82272
16223
35190
78409
55912
32239
51193
60801
63018
29383
68168
84678
83579
56844
22735
98911
86466
76668
84282
10865
78918
36307
46002
54333
42140
21702
13859
33039
32407
92072
62059
82567
12208
95970
34039
79412
60866
66762
15260
48805
18106
90992
90715
39934
76441
66641
93343
41256
47146
94954
61985
28497
94430
29703
65600
37264
86928
37709
53892
33402
61840
63726
86659
64328
32481
30949
44808
32797
29468
63731
64808
14903
31007
75349
87538
25815
12565
86532
81708
48845
25142
41933
92655
81844
73174
49673
28586
76534
67913
18814
42620
25522
19950
24106
90065
70770
94074
10857
17274
30033
72964
68583
69828
27103
51845
95145
68684
62295
61384
86523
60529
44292
76982
77517
14027
30811
18132
61107
34866
22153
45553
38458
12000
49086
46342
37849
56335
14657
35837
88397
39786
36847
45281
38746
36324
88054
20060
74358
69776
28245
56000
92169
24456
11053
86065
97728
95525
27079
32083
22574
44822
34337
88139
16277
35126
32404
19620
85045
80864
47833
98112
97867
56708
85841
10095
20422
41160
83370
46600
69353
77007
13138
94392
87288
21856
29612
74475
66365
29758
58223
41886
53749
38831
58159
12254
83075
87046
82275
29893
13096
95975
22079
36120
41249
78770
23085
13186
80438
31719
12754
54092
91650
17822
17505
16057
93674
36362
42585
61984
82116
31069
92786
19511
90859
40546
49274
66458
87821
17676
80389
32683
29320
93306
73096
54258
38648
24383
66788
14868
88395
35675
69153
58213
40042
57070
63792
61591
27065
99177
17538
16111
31182
23658
95312
41900
65745
18037
10403
19827
26688
54603
51641
77639
31328
26002
92268
60866
48821
73848
96266
70865
52053
31969
18090
87893
47411
91144
21597
16050
35014
17368
85107
11539
13257
25679
25773
15703
63087
75058
16830
67316
88777
98359
30593
67228
53841
72171
66107
69616
51267
44222
76719
29107
33350
97822
49774
68056
27641
87442
20746
14622
54704
52730
48416
71704
31606
97781
79028
15868
54474
19635
71710
74084
36205
65481
29931
13370
21987
97173
88560
33318
45648
25527
15782
34109
16275
91618
73026
67791
23156
13678
82892
59356
43377
79310
84562
83503
56571
28315
84172
21505
85328
92681
74896
88508
45345
25091
41916
88451
23148
40086
92144
94458
45388
44391
72420
95192
56522
42953
10735
14407
92577
41770
50783
40148
47666
88771
54600
11876
22284
98389
37700
67719
92688
44040
89368
30161
58815
90349
86542
14512
24547
56202
28844
14098
49088
85824
59986
29887
79764
48190
10797
51589
83312
47220
16993
54606
26903
10588
85978
67713
24198
79786
93821
23144
66206
68248
93011
90093
25223
41816
15635
26171
59747
93890
80046
58537
98602
72108
19469
81072
64258
71173
47238
70067
95817
13367
49418
92300
35282
86911
61518
49606
74579
38020
49206
18829
49105
52092
37496
43573
88607
99520
48537
12335
63929
17499
98724
36714
19064
98197
21097
78149
65864
57474
79046
38551
47796
45709
16303
74782
86407
37341
82295
66967
45331
31188
87505
52096
33800
48777
42134
60055
48992
55596
27018
42215
87115
36503
80584
47714
34762
19350
32497
16741
85019
61165
64455
57514
49732
27714
65748
17845
92384
79358
40833
37112
84281
22770
28274
56639
80912
93651
37608
65739
43927
30379
59243
54876
29100
31367
86444
25126
82447
25097
45674
80914
32514
52345
22230
27804
66634
86685
81880
80891
72028
18018
79244
69935
38682
89756
90493
46435
23056
96763
39012
38357
82338
18131
60942
11075
79240
95187
71640
28064
92769
38051
73055
33395
23167
94323
58288
92281
48705
21812
16924
98468
24493
40428
90221
29328
47266
95012
75681
91803
69866
68098
77638
97359
77375
91946
87600
24156
41490
30680
20533
57429
75366
78801
22331
54194
64195
66401
29930
85933
51805
88570
28797
14085
13443
26617
98179
66846
93404
18077
40557
75912
98546
59986
42250
73236
32689
28672
24906
10884
21169
64827
47392
63784
37108
73622
32900
38062
42536
53315
54983
94650
64678
68196
52473
75761
33975
53644
92848
45191
85948
31146
18856
58861
40137
39851
66507
51873
70145
89534
58148
40238
19334
46294
54147
74839
45535
79426
44652
24738
45486
69247
59573
68390
59375
18688
95459
99898
33689
38607
82572
36974
27846
89989
97109
63429
19969
78051
50753
88112
92504
46225
97904
13741
42532
34964
83106
74655
57007
82151
60966
14818
66833
75245
70030
62469
72946
41013
76099
66730
68399
47243
82715
23588
84471
72043
17286
44754
16557
65257
26048
17181
54896
17004
57704
47814
68356
33020
23314
73747
54036
24731
23509
86887
26985
38459
87264
40357
18259
41863
83609
94321
47092
64058
78849
97189
85793
56706
50024
32334
31445
66562
80603
52359
37595
90746
82337
57246
66535
73466
11317
36233
71422
70161
98451
38103
89548
62067
83405
76526
14750
88257
79432
76206
93285
47820
99478
86170
61305
84668
19759
32555
56951
81885
57427
54454
32116
81870
50991
85600
61876
75076
45666
92647
22693
56341
45169
94935
38960
74926
59382
45988
67679
79196
83092
75055
91453
77832
85051
37542
22708
65700
98805
66489
21567
22761
73753
77040
38351
14948
23098
75800
18957
79701
36149
82135
10832
94738
45471
52596
41395
79107
48712
50534
43144
92495
43912
53361
51268
47314
51586
18619
24860
76248
78257
52076
51236
94868
39001
59182
16983
86142
80725
32656
29970
12187
89100
22994
80146
30086
40559
15265
69096
24096
50068
17715
57762
97326
48050
70232
29996
37498
24713
25805
53417
30548
33336
60285
23427
30277
10231
14987
13421
44642
12212
42385
64104
10286
82189
19379
62911
94930
76030
68388
91767
70521
11125
63399
84992
54880
22970
76061
15274
48538
32561
12955
20436
17477
13945
11387
55455
32398
46976
19750
19776
61174
24718
72682
23603
92330
79268
42018
55493
24499
43251
96597
15724
85749
44681
34930
78826
32046
25254
33859
85339
64148
69601
45043
65795
70781
83005
29566
23196
38967
93629
36919
79612
98662
47559
25565
31615
76870
73550
17137
83157
90809
85155
15534
94862
26705
15564
65257
28983
55459
60648
41875
62270
99037
36842
23298
27970
26839
33886
75978
57976
14025
16806
19348
39452
61426
63432
88542
36553
27573
21172
84009
21554
34079
96606
52553
53225
27770
24593
83318
86716
82109
99218
20404
91861
47278
38584
39417
22213
72504
70020
24743
94263
34107
49931
28638
29164
55909
44604
61602
93194
36547
91879
86798
72370
86660
30611
12196
62380
28976
98049
12770
14042
11139
67346
25738
78841
14673
88454
38736
83370
39662
46256
34724
39768
21185
63347
41664
44437
28436
84818
81972
32083
59904
12876
20467
49915
19139
98567
60454
36120
85606
87921
78035
70959
13821
90185
18314
49019
81025
85148
64712
14812
45302
56946
20582
70163
68315
25220
66818
76552
94563
96763
20948
22615
87201
83235
67007
43287
24885
25447
17272
15894
67319
89323
70850
56156
48448
65377
51651
14671
84419
50064
66058
84214
85688
25435
46200
58005
10347
84540
11654
89284
97400
41705
91914
98509
73576
88881
67595
43294
62874
46523
89388
66532
13455
76160
49693
20148
20757
35686
56003
88059
65211
54641
40850
64983
85789
88695
70240
82557
94253
28582
22308
12289
60050
35447
12611
30539
45853
54931
65900
79569
11024
72438
78610
93019
17180
56380
42497
34915
80940
85358
32452
25684
63263
66903
94278
50121
78570
31073
90845
39873
47181
24080
97940
32335
62493
69837
75175
42461
64601
48914
96265
69131
10223
68355
83125
57209
89824
90814
28080
66071
24104
50789
94457
61679
57922
21292
30739
17231
89916
83851
52796
71047
27407
46280
50013
96236
71934
61562
23351
96877
71845
59733
47953
75446
68333
58599
67267
53444
58665
35053
40353
33556
76920
88105
65925
90059
17856
83677
22143
60246
94659
70125
51249
12405
53107
29539
96232
58334
30906
53668
40413
19311
77785
98734
45426
69739
97189
68977
73721
26542
69408
80696
66627
10342
34571
69094
72036
36254
70555
32226
90759
26916
27272
74270
88060
21512
54846
17869
84640
63693
91602
40071
73755
17787
66322
11844
89122
34755
17129
93390
96422
48074
43666
27725
71187
20938
41610
11509
82814
66781
53740
11396
23395
46118
46110
25426
50883
61143
56402
54183
21812
52030
15274
74025
23833
63302
89460
96927
79563
35524
77610
30521
57341
88356
77634
46758
98565
46364
36164
94339
81243
97621
78229
92816
49376
29098
94788
62999
87878
72000
49888
83193
94086
54220
45573
73102
12220
15312
76553
94287
56613
30011
92857
34109
55977
68753
64240
49135
49149
20997
46404
75404
43724
63193
67659
85205
30340
97179
75746
66028
98550
72830
90582
24202
98617
26066
21432
96776
90859
67020
91966
64625
99713
80228
93113
31531
97419
77247
68606
60758
46075
86278
84713
52050
32499
86780
98583
26825
41327
74133
90587
47696
53436
90142
96300
61192
60075
39936
17842
36690
62588
30668
44106
82637
53871
81072
61626
20258
55466
35953
17467
17305
59089
51578
67590
85683
20199
38820
42464
80177
51469
75937
94744
21112
30443
30378
59209
54509
62382
18027
81602
46617
84186
68909
14313
16317
57870
52614
47026
60693
99465
51663
70307
58613
98911
97980
60054
37965
13581
18256
22973
23214
40658
35379
36701
42126
26947
92994
90428
76598
38052
68610
50108
15311
90720
52865
21968
44786
91769
45315
41496
24891
28551
85933
52206
63655
43541
74780
56451
59315
29952
65390
43045
96528
83144
48721
73452
14951
47931
87829
44486
47013
20412
65607
39964
52834
99687
34153
38673
75477
10763
25906
30628
38884
35080
59797
53855
29663
90805
65165
64099
66007
18567
65567
97565
89986
70072
80195
37031
12373
68411
26274
97949
93829
57217
98559
47694
62197
47054
19569
91877
74366
78520
87365
69830
46641
76880
76295
97089
38582
45062
33029
39592
29356
63428
35840
96775
48033
10661
46867
93333
62495
15507
11053
65690
56226
88793
31191
61735
57925
44603
48715
38525
47548
42910
75500
81371
16089
86105
35778
97881
91316
88823
25066
34115
79411
92156
88495
38292
62733
64217
52279
31286
62307
21176
46057
35320
56405
56141
56173
30810
16350
92939
88885
98411
36945
39759
44788
75342
84951
12348
68137
88153
44101
45357
95980
68518
14345
35699
53004
60312
80879
35997
33992
16576
30365
10717
57615
47218
74901
97897
27145
10194
58528
93750
58893
77775
49334
66415
53679
94727
70775
80290
53305
99277
17616
10051
55532
42254
17519
16511
20176
45790
90089
75611
92554
94176
65062
62995
65836
37979
58878
62389
87297
24320
39764
76060
63606
22348
73044
91616
95765
73792
54999
78849
82464
73376
70118
90814
64417
64373
75553
95487
22660
18755
83843
71654
41732
11663
79610
62804
94289
65069
90658
55994
99038
38441
40261
38740
86826
29907
26135
38191
86750
51367
45877
94407
41336
60570
64700
11660
26624
92021
10697
61539
97188
90248
21250
53983
45522
84511
39813
16143
60495
28618
75270
80159
42073
85946
86884
64884
63484
82720
92498
87971
17347
37800
48527
55002
22460
70161
25773
97185
71801
47411
70641
69846
44407
91193
47658
50036
91875
44597
31286
12447
13842
99447
60336
78959
68564
97690
55426
27191
39795
76857
21804
67663
54223
14857
99356
96753
29741
88074
26743
60787
55680
40178
94521
90455
18529
46920
36508
22969
16965
90105
96644
92749
13550
78940
94685
40981
42482
84289
37768
16765
19283
12690
76904
48060
39932
19548
92454
78176
28752
71964
94180
93555
39592
65736
90055
33619
44328
43757
14465
39460
62383
70402
79837
51149
77365
20609
72160
93633
31113
85778
59447
99188
33012
87104
50295
55664
37092
40053
45838
71734
77528
13956
78397
97486
36263
56306
46317
76542
20732
99174
90829
40597
26258
16734
34008
58148
20983
56555
45608
50182
21870
44796
71532
49159
79397
98428
86284
24183
38172
27925
54541
84174
17789
90167
83314
77954
81309
27178
96913
42330
92957
92124
83317
74621
65300
10452
80361
57736
89495
75678
16715
55126
73244
72306
70167
33238
69091
69056
57970
55390
53343
17174
77839
64137
68823
29491
45028
94557
35184
57988
39600
78674
43046
32534
30119
45462
69819
85409
96693
28299
43797
96267
73452
65186
50901
90879
53171
95482
26384
90616
13649
66214
64673
98325
15535
68023
28167
19480
31722
21157
70412
30583
23584
12183
21888
85267
80809
42981
25890
77921
53391
32256
10771
25202
94911
34330
38983
25148
84602
95921
76959
86383
12582
87864
93086
12074
39707
46392
66058
34863
44501
78461
80854
35715
64949
10439
94986
56425
39822
16331
28450
13299
92384
93747
35019
63547
29731
80044
29197
11195
64463
85928
88497
80690
45625
85798
41748
21604
35602
23527
88612
10170
70640
29762
58473
40240
48340
21206
25959
74308
71715
62446
25669
21445
31166
36340
54646
13436
23475
21941
43145
56373
30326
84929
58517
91105
82948
96493
15301
99797
96826
45482
94488
79552
87034
84872
55761
63488
68478
33349
44512
45911
15729
36465
32034
90088
24722
53907
21572
65705
95332
26271
45625
81691
81553
57641
98733
86128
24509
12756
43243
98903
73720
69690
57741
85934
69023
10087
24562
41203
74331
37696
39048
50625
43451
56288
16426
36530
45901
57640
89751
46080
48919
30048
64325
44026
46445
13207
91399
88476
89374
15141
67796
75299
42261
73767
91503
85622
74160
35351
50987
27189
56960
75013
68085
48593
62937
54610
64198
70051
36371
99594
18823
89712
41341
98830
40188
89064
85668
87585
28086
85843
28260
59023
32580
92912
15725
34000
92427
38972
59394
62159
44529
68815
54794
67901
84259
45088
62434
87808
15223
73451
89753
89464
94840
14049
77938
30340
39256
88286
44351
34179
75717
31257
58890
97391
83102
49714
18481
76635
50449
63871
70238
21227
52858
19577
50630
17788
27126
49938
76149
22172
23799
84812
17905
42641
17644
59715
11303
60136
84538
68292
25150
13563
10618
50191
44468
69780
35078
21763
79210
13680
57192
18087
95979
60043
28272
58082
41065
69776
92595
67476
46928
54061
69861
25212
71471
87433
86496
49457
97148
60333
18516
73810
49034
28928
83050
95959
45260
21738
72123
78287
51058
13302
60960
96224
43980
83379
37811
26653
37688
12617
15735
13082
79932
40914
23845
23299
37535
78496
95814
62753
26664
53435
29918
57707
79517
39059
71390
12815
14138
18459
43526
10483
50750
96178
85830
95831
70215
86610
71098
19287
27943
34819
97938
13010
26153
39130
29128
99494
93679
73777
96879
57749
71178
42068
37143
23475
43111
76608
37173
60255
49050
15557
75369
95336
72037
24252
71329
21447
54756
33846
70751
92340
99655
55723
54065
93235
12538
81625
39296
27848
57695
88060
35550
95008
92838
98054
32285
39211
61948
43520
60079
84000
94995
57845
30474
89434
76990
35731
56665
93931
59813
49375
68834
41254
17626
41115
39980
24972
95101
51417
47329
49779
54769
12115
43589
44107
87227
37978
23609
37874
33428
26659
25254
33659
63387
50323
78669
91823
16090
86349
95667
36965
22095
96836
32593
83212
14735
45137
91817
45788
97739
63633
86902
55457
37342
21726
70734
15147
10835
11506
65847
40282
69145
34470
20943
83394
50378
14236
65381
29959
94941
71789
21750
67807
63452
74820
74951
23575
89327
80809
88240
97999
75307
76417
93934
21631
30237
51046
74025
22616
58775
64993
70674
55431
16418
25984
77576
36241
72181
64047
87225
82288
49348
58061
24906
51375
35211
45666
20442
20973
17657
61739
86983
61096
96254
60431
58897
85904
26663
67672
72041
33354
94850
63801
79005
66215
79729
31154
61745
31970
97552
15385
84154
93343
20941
70887
76138
80448
12339
14243
53492
94824
56663
17694
64788
33902
35488
81084
40423
62252
46572
35826
95886
15447
87220
49376
62623
77682
50836
73985
22221
62456
26469
88824
78251
61694
88789
72149
30184
11602
93705
95374
93952
60203
48144
14698
94861
72614
48260
71459
79118
72858
94538
33265
41171
92841
96350
85528
87428
56512
66778
61924
62684
89155
16288
41976
22157
73882
26285
48548
21151
12066
13530
72442
21367
88902
57713
52789
63950
70095
94377
70553
57209
50812
49919
52472
47809
95581
15963
30346
80844
69759
56770
14853
82296
56694
21302
34422
69429
34878
79693
30993
24722
24562
25684
39330
13039
29555
40277
15909
25179
43222
43467
32943
87804
17599
81813
93611
46438
96254
23770
88417
63851
63926
22093
61177
36401
62416
86038
37382
69637
80298
46311
22730
23825
13122
56698
37233
45532
40838
51397
46780
22778
68019
57498
83119
41199
44663
10434
31592
42612
80135
66832
10048
14552
95217
26990
88334
64650
58407
95993
47215
45765
51957
84139
27307
54786
69543
70968
78787
94772
15443
64785
46347
55968
64933
87576
17721
20776
85320
88310
80195
42074
48075
20073
57469
62553
94722
98566
42445
75081
40665
23066
12792
65691
54550
41889
22173
65865
11890
38488
97275
94357
20961
10863
95322
16599
89273
60614
11118
65034
19991
46449
41931
19625
53210
62548
39426
77886
87839
39407
59126
55292
20195
51574
97928
13331
61353
13665
43493
25764
22208
16275
60358
15656
73141
31128
84069
65751
68029
51507
44029
28561
36703
96240
34703
84176
82767
40259
31044
64339
32043
24406
16929
47914
14865
93633
74569
69483
30831
99579
57765
45755
12210
95234
20185
79308
22624
79314
60645
18484
66023
20242
69101
92908
23042
69983
20866
34400
13544
28357
46546
48964
79306
54657
85132
38403
82096
90625
96384
16807
45800
70519
59386
48465
75842
75990
99796
42374
64529
24682
21283
72457
36964
58144
78486
85242
39923
17615
67363
61505
57858
29450
15090
18793
62656
11948
33285
60793
53900
93571
83321
95761
70604
70302
50054
68635
13897
45561
70234
34599
17342
38437
86663
94334
14066
20031
61259
98333
21216
82141
73207
73976
65368
46814
26770
41432
27775
75751
78829
42678
58305
77223
11835
23021
45967
97989
17039
83104
50574
59618
65884
85500
43601
91374
67039
68094
88406
22454
86771
96691
76633
47487
14667
89418
15267
67338
81593
82851
32732
75848
28836
94249
13616
75806
59865
19264
15137
79461
11917
47567
26723
86853
21689
62465
82895
17433
11411
59819
81699
52156
94384
59295
70985
35802
12240
99159
11533
88547
22745
85685
57719
83377
19900
22823
31082
36731
83926
25583
56671
31304
20547
83130
94364
53203
75558
46345
82363
65602
24107
88874
50497
98852
13179
21781
72937
80821
25700
91204
80184
50913
31085
58978
83400
94285
38871
45192
22233
46680
18907
92779
43581
74565
32884
77390
54814
35174
72882
11599
64984
92596
48766
92243
79500
74293
93277
36436
44387
31125
75835
46648
14954
94594
51296
56309
59857
34085
23468
54301
31127
83946
44289
46238
17625
32671
70950
86251
57670
85420
61008
50092
61652
48983
42880
34045
43101
77471
51087
21175
30003
47978
96315
89572
93105
98772
37627
91639
16737
51117
99415
77979
33073
98715
55816
10816
71123
81102
37025
14059
80508
40147
88592
42255
90044
48168
51438
83573
20239
93597
51864
59338
38409
48895
85739
81554
66920
32349
80780
58730
21222
45401
62807
34651
37101
71307
10527
28247
50048
59020
97007
24626
93694
42241
49300
92488
83431
90558
48485
40814
37231
87716
27708
34438
54379
62583
47121
48316
22879
23622
48188
89242
75554
50196
98701
24002
35310
91497
70784
27262
81332
83058
42053
73753
61738
73725
57805
62696
17181
67902
19153
63033
69723
77709
79146
50643
25361
57942
10539
85018
37698
60921
13539
48251
60219
49787
49632
88758
14318
34100
71042
17099
19228
98872
41533
33238
96560
90277
55566
71926
83275
29939
25534
54562
42030
81979
63309
13400
29810
60050
64185
88466
18869
84082
14495
49556
58029
40467
82441
31181
44037
37662
67794
85946
50925
98060
23545
83714
90616
79649
67431
26692
71555
36697
71595
96845
24648
15771
96445
97259
39692
61642
36845
64962
14562
76923
32829
98492
58246
61768
69690
79729
44655
62223
42420
56903
39434
28475
80385
36795
69607
67575
92484
32291
30475
73484
85452
48243
82126
35136
35006
10439
12407
71003
35608
53068
77721
21914
57832
78980
84827
51261
23001
43513
55975
81548
47181
25925
39089
43475
65722
51378
52783
87391
45151
58607
19840
41544
39259
22155
18038
48102
66999
50135
53652
30720
82265
24595
28460
28111
37399
68809
22492
80373
64061
11318
97923
88999
80054
23542
28108
25085
81380
24306
40891
16702
15630
89572
65166
96637
38245
63280
39445
30461
15837
88355
27047
83620
97908
82945
89826
67747
84306
41091
32899
65251
73682
50365
67639
91523
53011
87656
21155
59729
36324
16753
78375
98870
34140
39872
69313
58551
78999
25373
86720
31683
17498
33898
92179
40628
50558
27613
29276
12583
89398
14641
37587
26380
56681
60812
29755
23872
77958
71305
45086
95302
75328
42801
14744
54165
30032
77065
14475
12851
17884
35753
75204
72746
56273
83412
20056
98223
17834
98727
45308
91892
81346
28694
35635
47248
78455
14011
75245
45910
49694
73099
81122
33773
27530
83006
79882
66437
57128
26616
53157
45595
58542
11566
64859
80292
33715
66083
23745
60381
65143
96675
24670
39590
46694
95854
49137
71925
97259
69067
48533
16974
14697
68599
25260
68348
30438
73539
93925
71741
27866
52771
65339
20058
55060
15605
67860
70295
69625
87851
83117
30148
30495
48760
90384
38917
58630
86478
97954
58992
58870
17822
58373
44253
41987
98709
42108
84139
46723
68373
57816
42500
54511
98865
26566
91114
29979
89477
97884
74785
85382
39218
75285
17710
47225
86785
17046
96757
83558
68271
22188
96803
69322
45675
16736
82264
51121
96681
99580
95487
23081
72309
53270
11069
13318
59399
81218
95325
68456
44180
63321
98305
13714
99079
34717
47326
45345
46549
86962
74230
26926
88716
46276
79101
21354
39404
35893
34885
82531
65549
45607
35340
94072
19611
60109
92058
52416
20226
45328
58081
81238
24313
20407
95489
95074
93209
46226
82575
12410
11375
66309
94010
73851
73087
60725
74294
33371
44882
69260
32792
84328
12527
75889
87374
89359
36393
10383
25576
50531
95472
50560
16669
77688
70261
86800
25986
82870
70625
19994
31278
94869
87546
85834
94659
92959
11565
92507
33927
84541
93748
15562
35240
27485
69409
93687
57163
68101
25642
91563
39194
59517
83046
57404
10432
73251
51967
47853
27136
73831
88259
36232
47995
15010
45400
65938
11483
46821
91076
94800
63136
73146
43308
70548
11362
55971
66006
61727
94520
29589
36291
60702
32478
48081
13540
70646
58371
75698
83770
41593
39331
69587
81139
74999
41499
35573
85716
91185
87285
45159
48202
13208
97267
95760
33819
92082
46582
74004
18505
47850
23888
54934
54064
25073
81793
54561
10985
54774
30498
45058
78435
61329
68477
51379
19571
43744
75035
55845
48949
81697
10198
95771
95534
87378
29270
19673
94968
70855
37017
48455
64346
50876
33210
88300
28837
75872
10206
81251
57341
56260
72621
99020
51069
73079
63340
29753
26899
51133
68828
31624
93353
93598
65513
21062
72050
35405
69247
22157
97626
75591
31117
50332
53257
81930
94301
12148
49490
93796
42863
30813
46939
15369
61517
69384
50168
93716
91226
83369
82564
58956
80125
49994
15370
86840
46187
52340
31705
11443
68410
31999
79475
21405
98008
35368
30052
32050
68080
93753
25447
73708
89190
53761
33069
92649
27273
42395
91642
94367
27631
80776
81677
52357
45307
25853
31717
15999
52587
83962
31752
16683
99494
12564
47787
12353
62276
26774
58193
91532
33647
17062
52794
93013
32257
34969
39880
48650
10782
67274
80164
96620
41317
90795
36723
46995
39531
61280
77395
52283
68550
54506
72616
37707
32049
85695
42354
36508
97861
37720
54804
31480
65236
45576
33907
73549
70382
50006
51529
93714
67681
79195
41141
37229
50124
50088
78731
22088
47338
37614
95847
36686
39522
57353
62033
47939
67425
78346
26298
77122
30905
62112
26802
37992
25695
21928
73861
97210
89165
49300
71599
23688
15532
36829
31320
84799
91096
71581
63044
79379
32150
32981
85202
13131
74275
54435
23339
34276
85821
61636
51430
40796
79531
26116
50899
29643
29563
71996
72954
57990
37524
93258
69907
65955
50196
72364
37963
48853
66214
93940
54584
45048
81918
63531
16272
41233
34336
42791
87869
80724
86276
75916
34012
12586
14210
60721
36080
86582
89469
38249
10090
64698
93100
10033
82053
40958
47340
77052
65818
85464
50802
65215
12995
68416
72018
43758
99309
92844
44219
34369
15677
73822
49597
16108
38927
95265
30958
86422
58870
56121
24833
23651
99237
29875
39796
58056
70259
25664
33952
28376
56267
70396
77827
50314
51631
56132
96968
14508
28973
32683
17671
32744
79315
33681
71225
94096
18624
57695
63123
95463
30428
40373
10980
54388
23054
24264
19116
79411
63717
63359
86735
94050
94173
62375
30179
60132
93842
11733
28950
90021
52235
84314
19061
72884
78277
41060
83260
58022
80795
74546
52776
29649
21655
90268
25503
44075
75317
72970
11840
25228
91040
14922
91916
56435
87837
15417
38938
11196
47981
24238
85588
41286
58202
96392
16526
24101
73693
93171
77110
81310
59528
32565
73218
48408
10106
42062
26677
31011
16228
71706
55257
22996
35156
35196
78709
19668
42765
35179
59609
63254
68143
64319
47763
95819
65192
55036
71203
89098
19950
55116
97470
79926
32482
59974
19450
65051
65382
68189
15687
27236
38171
16344
15616
62866
70612
53823
36026
56015
42886
20550
76954
37741
46334
67520
47900
14764
75674
74960
60885
61816
45089
17746
39715
95712
72306
77083
91274
54314
67408
52092
31711
43275
65865
19869
78803
84454
65590
15256
11992
70846
72428
60214
95442
73615
99747
88505
42688
96273
39537
73064
13785
59154
72779
52188
40742
97046
57033
23430
43121
81198
41152
62502
33195
87258
63737
62052
94802
88052
35226
76716
41842
64877
92266
70259
47385
16054
26855
71261
23176
86315
87876
31627
33596
80871
19458
69398
59911
13870
30935
73582
67815
73771
86463
24343
42749
21338
35274
92968
49960
95660
40345
66573
40472
62735
73439
69224
42509
41101
59568
17586
61132
91707
54233
77480
41091
53383
77588
26745
58961
35821
22936
73634
75659
93137
84611
95985
40900
61678
84641
16876
20413
21912
29624
94850
50629
94637
33357
46575
73056
84622
68536
94175
12945
70707
53425
46918
46275
27199
51156
83132
92897
61181
91436
89026
84636
64074
13888
83697
53710
11099
82505
47643
18765
80424
79119
10254
32594
98595
18502
58393
88122
89068
87020
51772
72608
25828
37923
95444
76049
40298
69013
87718
11364
57863
97825
72481
13490
81161
88469
27942
16935
79209
45766
33879
91293
44023
69802
61078
40462
27589
64891
22262
96518
54913
42667
21723
66053
62613
90522
52655
12353
14504
84869
45455
47939
46745
31378
82283
16740
81495
60227
99732
15769
96601
72824
90207
53870
88267
42837
20918
19674
73261
75065
77585
67967
11895
92334
41109
52228
85715
67986
39461
25161
69051
81940
98630
51734
80568
11028
19255
58708
31894
59321
87676
75648
41759
33480
92621
80113
78205
64043
76023
44443
24461
17736
42183
90298
53571
57378
55405
76890
96506
17501
15091
23508
95453
42838
64304
32189
86082
44575
15645
22734
87328
73858
29627
40348
51207
83686
13981
45061
57531
30180
49649
55161
13958
90087
48261
75266
20761
68966
85045
42194
33665
37513
48550
63684
10716
35076
48415
81543
20861
80938
94520
59811
70231
27228
83594
43918
42650
16489
13589
32996
93915
49451
46447
39215
50780
39696
91826
88858
78508
37931
81225
51355
71410
13867
48489
62889
38491
71538
91575
60430
63912
13332
58641
99418
53035
93303
82656
71258
29770
94153
69527
94972
78819
58039
22016
36684
50395
50395
18935
99216
17705
51926
13513
58994
52801
21063
90599
92013
88576
18591
79363
86941
96449
86375
73915
69586
72506
24053
67457
65804
73198
16577
39971
67593
76077
71664
41967
26271
85690
41110
18471
73813
69418
82841
48342
44463
64371
89409
58080
83193
74395
84611
69122
87607
63224
77784
68951
62575
87112
32569
44420
73022
82758
52908
43968
22258
78032
81383
99250
49981
43260
45082
55743
93359
92634
36087
43382
45778
16718
60705
77055
23834
10942
29042
33581
31515
37834
73105
75055
90944
10427
43516
62356
83176
74551
36748
16313
68616
55024
19157
52331
13282
89253
75195
32273
22096
65767
32152
28436
83628
99095
86785
25002
57969
20186
98781
56589
28075
43896
26529
53083
35626
74594
20398
73610
48210
21598
40551
10351
40077
29339
62900
17658
96862
20914
59519
88711
57830
55205
54820
88169
83190
24777
21367
79136
65707
21844
23680
37520
78848
40671
31416
56499
97208
42766
85112
82916
15956
48738
69954
93259
79568
49330
23571
81886
79628
41123
56219
93155
69579
93159
50643
38304
38237
93943
18691
50951
47981
25233
87902
93695
14693
31274
38212
41582
15348
74426
35927
74572
88569
38240
97368
22970
84407
70054
30585
96547
11942
11843
81926
29045
88666
55367
62393
23183
43935
83775
94699
98628
72277
90820
79006
85343
87639
57332
23627
59071
71937
21398
86021
39256
82972
50152
93095
63141
10056
87930
77233
22062
85427
33229
13856
21011
49836
39900
56931
50568
12204
41910
69122
17155
23051
68367
86819
61308
56766
79008
42917
74886
61036
88031
11756
85185
51234
15590
20093
21705
67814
89153
10468
38093
86202
77753
96602
72146
96223
11363
83160
21442
40497
24306
83499
22664
81812
87335
42539
87223
43186
95956
43619
80039
47156
20499
23522
15750
63187
69652
40917
87385
34790
91661
55217
40364
13153
75513
83895
95729
19642
88877
10393
60940
15000
34917
65934
74169
49300
75019
92059
30377
81423
12156
67368
34732
88040
88581
75739
12367
80612
59844
10655
76682
49434
20898
64573
33170
67358
32874
79295
95116
83980
28070
43038
97432
84425
19129
47634
57766
40744
76075
62111
34576
28034
47954
38181
44025
23949
37252
18153
44566
81441
52264
97813
45530
67879
17982
40792
92802
67952
59340
24066
95830
46101
13779
26945
70485
52627
10668
39230
19937
32144
54983
16040
35997
97342
86026
56136
20342
96755
85425
51085
61232
50312
15574
38077
55583
70403
21279
52966
83115
53954
74382
87212
92019
41510
29249
16932
15130
32124
77964
99599
21758
49995
98178
64452
28018
81050
85604
70368
34335
90828
56694
98799
85231
43401
25330
67976
59387
61873
59961
39633
50292
88723
13687
67798
89780
20102
74705
53448
75064
79466
47913
10845
97451
21618
19383
95677
14556
32677
51146
87764
26663
25216
94508
51089
23944
12603
81628
45684
34171
42377
88727
21040
73345
99774
80168
64509
74546
89180
53213
77377
50595
82069
59862
78061
47675
96735
82020
90876
76771
76554
82627
63549
90318
41439
16585
59888
87520
37962
69026
75318
68717
98937
18921
99287
75071
76980
25475
54454
83446
80472
25188
28747
76346
62387
24114
74745
46434
52168
79432
49032
35933
12997
87651
88133
88132
93506
78879
44847
84921
43023
78195
43345
53039
77097
37325
40641
90656
16560
30000
41071
74002
90826
43017
87445
55923
34137
86620
16663
61200
73679
98869
18098
97674
79805
20639
62190
86342
16499
87914
51264
97739
30513
71898
22057
82659
45643
91865
92049
86557
71101
96622
68971
78373
78458
15924
89443
58529
68902
98777
68316
35903
11385
87768
47558
88378
50461
33867
28362
66349
83798
65175
29021
32873
61946
54526
46478
77549
66217
16107
76131
95268
91073
99881
33465
27766
44308
10940
95366
43124
47653
92268
97533
98953
95430
44477
46037
47180
87583
81831
26826
27169
91005
82812
67253
91420
69323
61017
47219
75423
24632
78572
88733
15123
35189
42933
87104
68838
10385
89937
15118
87932
65548
72794
69271
15816
56863
32085
67260
93947
61901
26581
37440
63664
88926
86882
37555
27391
65112
34389
70112
41093
37963
63098
17126
26031
42829
71340
88373
33143
37074
77377
29567
44202
47934
43980
56316
88920
82996
93843
36850
52053
81295
31076
67424
61456
88205
93734
26360
50948
29574
18458
67001
40235
27706
23943
54675
41674
87605
81247
95526
30408
22383
56383
55337
76633
66419
57369
39847
59374
90933
21768
34264
75386
59561
60297
30395
62201