-78488
-69394
-79310
31560
-28114
-60475
73735
-11555
-93776
-16391
71203
72648
-33971
47601
-40853
41739
19908
54195
-95679
78104
-38415
33893
90625
-47644
20255
55206
-41788
84136
85064
12632
22544
-57200
-10393
63983
-30853
-89884
11937
33542
34256
-60024
97437
-19646
58141
69835
50479
26843
76798
70026
97746
44327
29371
-94670
-67929
-35939
63435
-66747
77672
-70670
-21121
-8352
80985
-41532
-65781
-13221
-25800
-58821
70422
-36663
-26762
82887
-85487
-4973
48807
37668
-32299
58417
63921
-87632
-83151
65155
34782
-57937
67515
7474
20447
5194
-49280
-6887
-7638
-7609
26622
96856
-73238
1619
-18547
-9916
-25796
13423
-88471
-80599
-46143
-68968
50232
59501
-75098
-24056
77203
-61276
46032
-67415
9071
-25617
56852
-89472
21635
-20319
-87570
-46381
-93016
-42472
8725
-6227
-94605
68088
-5426
-37960
-19252
-80347
-28723
70986
82509
81233
-65387
-27391
5768
54025
-62859
-83514
93487
88845
-85220
59288
29479
80483
90586
92454
-30548
-3695
-31052
87773
-79946
64896
7751
26696
-65557
-18000
7795
-2144
-28494
11993
-57135
75925
-66775
63412
-8291
-65283
79738
55497
-1088
42433
54560
81818
68587
2258
-25430
-39511
-90477
-5231
90340
-60000
19261
57282
65189
-58612
13458
-89694
62375
-74077
45879
82976
-87106
-85791
32809
17444
44676
-70681
61113
60977
67918
-21294
-4431
-86756
52356
26691
65574
-3131
65428
88077
-52544
7561
96146
-85777
-27262
57884
-48365
-42701
-88228
-17241
99535
74922
99161
-49532
-54842
-63480
-56487
-66140
53607
50716
-3346
91041
-59743
7736
53190
14644
75850
6200
80384
-59885
-47980
39925
-44637
-95442
-70357
53166
75348
-43080
79031
-25211
-73570
74237
7699
17170
-55139
66966
79822
90171
2263
21229
-58609
-46743
54614
-7478
29681
79143
-59686
-3731
86058
9747
85198
84519
-93285
98772
14109
92777
43006
31682
-15882
-54262
97035
44569
-56832
45146
-67335
25595
-6360
-36877
41806
-96637
-35111
-34957
-91075
87889
-15117
-89473
70803
-73272
75625
-33781
39528
74400
-57211
-96159
-25480
-18569
-57516
89007
-20166
-43645
-39384
8991
6312
-62111
71806
-21303
-27058
-19796
-7551
-50154
-15435
15518
-25999
92670
-38079
36999
10225
-62076
64002
-28084
-95512
89816
55166
96582
-69249
-28152
15900
-92944
-48984
78645
-45920
-85722
-20717
55289
-10284
-75587
-22197
-83471
-71209
-30332
-92210
2731
-80042
29190
57560
-52830
84657
-51615
-52630
-19874
47347
-76740
3090
82876
1236
15368
68354
43539
48327
5082
-35405
28387
39017
-88433
-14812
-47001
-40914
-74199
68111
-40725
-33724
-1793
80208
22942
-90436
-83984
-533
34361
-17543
-88928
55362
-58814
31673
35425
-95480
-49779
-22808
65267
58419
-2271
74909
76750
-37182
31960
25717
-70572
27667
19944
90339
-58620
74187
-40748
-9277
-66293
-20647
3613
67292
88742
-32945
-98805
-70941
-79345
-38002
-31458
45433
-22407
-48808
66385
-85886
50761
63223
-35255
21476
28306
46115
-20151
37268
-74897
-40866
-24117
-57695
89566
33205
-64637
48042
-31868
-92061
46142
-42134
46472
-79645
96736
-97345
48329
66476
71115
-23808
2703
-78272
4132
-67358
99745
-48781
-63226
-29035
-74482
-73722
-61759
-79216
-13503
17869
37611
95759
-7767
-87763
66185
16377
26816
62793
-72172
66150
-31791
62001
43177
75814
-23636
59840
17315
-68110
77145
91147
67863
11030
-10354
14548
24339
51235
-75427
-82777
-37493
91992
-81313
-56132
-37677
84441
-59275
-59761
27864
22465
-76402
83243
506
-83283
20972
70666
91210
7275
-92962
95612
-18964
-53630
-12275
-45854
-91233
-50430
-41743
45306
-52759
-5316
-18299
36817
28031
-38056
12243
-80188
-26102
41731
-95425
-45054
-51610
-75446
47211
4587
21070
-26264
-12236
-64330
76856
7385
-36468
-89073
-42576
-91348
-38394
15609
66141
3544
79715
91293
85553
53040
-15948
53973
82719
-66024
99744
23357
-54802
4339
-47719
38545
-53487
-6083
-98752
72053
86615
83415
63253
76000
-71966
-74684
-11455
-85930
33080
-30379
12165
13387
79080
21114
30555
-99245
-96252
23854
53715
34979
40025
-23093
72239
-63887
84853
-35571
15170
5091
-17093
-16926
85971
71185
-19814
39592
-81391
69617
-38093
-82423
64347
-51162
37831
5951
25056
32121
-67342
83253
-3912
88793
58484
-93379
20238
-71287
35858
-67076
-69130
74841
88363
-79030
-84114
90125
57374
81953
77160
-28967
30609
-45256
77466
37372
-6542
40941
-88340
-98508
17248
-70906
-53687
18881
-16132
-82350
89426
68793
-12888
7855
79774
-97424
-73925
-64140
50
-73121
31066
89237
54593
-15866
85157
-66992
-15622
72382
-23344
22714
81131
25079
-82243
-56257
63007
6533
-15670
-92737
-79922
98645
-95003
13893
-56730
31315
-12602
83871
-2832
-55153
-16470
-78296
-83586
-82478
33193
61910
45262
-96908
36451
75602
-42698
9144
85794
-80092
91496
-20312
24199
77821
-98276
-2214
-66267
-54987
-52981
8537
73825
35914
99569
50131
69767
-44317
78661
48123
51003
-56881
-79132
96824
-92338
20948
-5633
96975
38303
45963
36693
-59996
12700
95658
51096
-68567
-28455
-69299
-51477
71987
5776
-56295
66839
-55198
-75927
-73745
62723
-45384
1668
24383
-31663
-54844
-82847
34393
36086
86544
83106
21641
76624
-11277
-68973
-50430
-32233
31783
5378
67653
-51139
75618
-58539
99835
56496
-9849
60938
12359
60538
47618
-46810
-12811
-71874
-65770
-68996
58884
4562
23899
-36845
-45576
-29294
21799
-74936
-95103
82600
-54505
78425
36959
-22390
-90111
54429
-67187
-75835
1307
76293
-75867
4963
7394
19904
-86371
26336
-24808
20924
48422
72801
-51847
6585
6842
-61559
90148
72789
93489
-11423
30425
47294
39902
61020
10708
78635
-23720
-73662
17494
15742
-84252
-29053
78299
19867
-8418
16643
97118
-9005
-2494
-43202
-72207
-35868
3360
22144
-62086
-56155
-24596
19585
-757
-42871
-62436
-2742
12054
97294
84576
30493
-80786
-48564
-56044
5108
-57148
-3800
97300
-79761
-90099
-94190
-7033
-95614
10368
65930
1596
6197
-33447
15538
-689
-22581
-26447
-81206
-65332
-31907
-17724
-66302
56184
70731
44435
97780
39502
64828
44539
19077
21898
-66126
-31961
-47907
-855
97082
84103
476
-79239
-25929
12787
-12079
-45104
19009
266
23470
-54089
74471
92679
91774
99533
-34357
85508
-43453
-14949
-97546
-11873
-20140
-92212
99806
96924
3433
-73632
7102
92361
-15555
-88591
-16432
-44986
17011
-21037
23553
18640
61469
-32955
37174
-89720
-34611
28919
-95442
65394
-92492
51786
83051
-38098
-26811
-59837
96252
-55802
-54598
-87231
88824
34372
-57203
-35514
32837
65691
-13970
56142
-35425
90645
-96220
-63691
-59858
-10144
-14732
29510
-75136
34683
98401
-15377
90241
22140
-71963
40557
-55524
-38049
-46971
87783
-4172
-51600
-29726
-92735
-65375
-76187
29899
-97889
-91629
86079
41927
-58345
-28809
-5810
18958
-5349
-51268
-40314
80062
-17278
42718
-26660
-4816
10318
-55618
-4107
45070
-97024
-66040
46746
65379
-48717
91399
64466
-23852
-23134
39676
16213
47240
-85476
40117
68839
-20257
-12077
26160
-95004
-36423
50765
6821
-88353
-49958
10829
-8654
-7213
67698
-94125
57322
-73199
-56527
20590
71405
-40399
31759
-39637
70128
-4651
29577
-50411
-17405
10515
-4042
-63154
84260
-84086
-12999
3186
-93057
-85033
-69033
-58823
-89595
-40996
-1456
-24267
-90865
-40755
-38712
-82808
74759
63298
18437
-98741
-81127
20578
29164
82510
4821
-33170
56088
3618
80054
16542
-79474
-4786
-48994
-15931
-88449
-18209
-67928
37651
72844
39949
-2013
-57995
49309
51829
-4505
-75901
34203
84102
-4121
-71987
79162
-37367
58346
31506
-95560
-27766
-90768
-93408
62357
-49752
-15929
90661
-35528
28814
-84062
-69299
27583
31961
-89962
95088
23164
89167
-39738
-94660
52629
-22223
-77434
-99674
-33125
-16186
-48142
86039
-89661
22681
45703
77421
-18819
32368
-43306
79807
75813
-67468
10045
85070
87898
-72442
-70914
-84494
73771
189
-56194
45130
-16412
-18173
6558
-16142
-19738
11653
-41259
19020
-86070
73056
-35647
-59882
-48903
53151
87453
-86391
-71402
84198
63952
47246
-50216
-29346
17318
94607
72274
-38757
-38712
-93229
-41265
-2953
-770
-67477
64808
52550
79566
-4751
66887
-93068
26505
-13316
-30473
32379
2337
93824
18414
14784
-74496
47027
10750
95879
20886
-39215
70999
89199
66592
72382
57182
-14163
25646
29055
77348
50119
-15806
-15570
-83168
-60453
6764
11824
39003
44638
-79817
12521
50000
-24038
-54935
-67889
41037
-6047
-36255
-90487
41181
-8819
46517
-83926
27705
40692
70383
-93120
43468
29274
2655
37409
-36344
21576
25778
-27794
82840
-48259
-45044
-23066
13072
-24496
-60395
-6619
-66655
84649
86841
-26431
91018
-58744
-45739
65727
53075
-38310
-96024
48317
-42980
51081
43282
-10463
-25664
-87059
69632
-18776
-88369
31501
35891
-93537
49816
-36508
63658
23896
74841
-88040
5443
-61368
39821
33312
95227
-69724
-59371
-53605
22585
-62350
-462
-24113
71483
-88429
27233
-23895
62145
-92378
27521
24093
-41855
87090
60459
-83068
64959
-77095
-84157
68779
71730
-5983
89840
50377
98442
23473
-26269
-34182
-86100
60169
-97846
61100
-6279
66389
12112
-39300
92591
16296
-74882
89877
49504
-93106
39954
-30177
3166
56545
-75004
-77462
-84395
2343
-13275
-34568
-3560
-19572
26874
43477
-30371
-15078
-86172
69914
35144
38834
-61766
3142
-28225
-72747
37198
77149
25432
20543
-13179
21097
75453
46625
39934
-88343
37126
2296
60220
35755
6345
83983
-53112
3281
-56496
-55511
-85207
-16050
-11121
63870
14931
26148
-93283
70819
-62138
-56295
-25724
-97989
38380
92242
-73322
3863
17124
-91252
21950
-48439
-67466
-6933
-82042
-67515
31054
29531
93264
75833
2577
-61929
-76973
88090
-86635
-61343
-87283
-8870
-35488
51520
-21735
-64403
97401
70781
49936
-51098
-68238
26586
49285
55025
-76817
-36501
-90759
79022
98769
56137
69677
-33294
-29764
-70050
-20948
-21014
-89597
91875
75587
-15398
-9215
50989
-18262
-43039
73553
-61699
-54577
-66895
92268
-49713
-48075
2529
-6958
47155
39466
-58862
-23925
-29468
7388
-4844
-52700
-66748
-54094
-70050
-72687
-34548
-42529
-61233
51674
81266
-19063
-51908
22027
-28229
45172
-99176
-84974
91848
39074
97717
1672
-6437
-19773
-70537
49126
74714
-81474
54375
45144
-72400
-46985
83178
87435
16717
68769
87273
-35346
-10561
-12189
-18886
-21759
-49816
-90788
85325
-83229
91677
-69777
-46009
-85151
-60838
55084
37077
-84503
-52226
-70116
36577
84518
10516
-21290
-11433
-80788
-68702
-44021
11702
55177
56286
56355
-35005
-58143
-84629
-4070
65630
8364
83080
-47210
-68312
-47164
82327
-13666
-48623
-8534
43241
15412
-30231
37681
-93281
62458
-43896
47257
46714
-80388
-56334
7331
-14810
-54184
44728
-93826
-94393
8547
-90821
11116
-39892
-18136
-9765
-99967
-8919
-35130
26693
-83535
7822
-19882
-23688
53309
-44551
-86279
-94630
-9663
35684
30647
4215
1042
59544
-43986
-79558
-62606
4587
1412
49675
69098
-74936
11112
-92793
17463
74382
-63809
12176
89343
-9467
8457
92747
69028
5010
-91580
53202
-95826
22583
84875
85905
-52495
3795
-12762
-70639
91736
75944
-38069
-69989
75456
-85642
11421
71391
-20329
-31545
87363
-3882
96660
-42600
39987
-18104
35395
-754
-84378
-98193
-3289
-2325
66190
59210
57776
-73368
-91887
-21683
90260
-85125
-39457
-92287
-51145
74888
-71293
15791
-27414
8878
-96813
49441
-1390
174
-54483
-47600
23095
-93380
62571
-59684
57639
70853
-53006
31458
22535
51751
-17751
3798
-2826
34488
42205
9410
-4837
68598
22672
72250
32814
-75499
-49152
-17761
-54362
-77120
-75486
64077
73169
89713
25348
-72287
-33094
-86109
44050
-25900
-17949
83859
-1842
91549
-33485
67674
-91525
-13912
93993
2216
65498
94420
85982
31674
-17537
-83339
-56930
11791
58859
-38680
41788
-68187
44808
-49458
66884
29188
51634
-20894
97452
67265
-16447
-78999
-79883
3957
64187
-28139
-8623
-91079
-39200
32890
-65971
-39700
9224
66126
-90053
53371
46615
-30593
-20067
-78804
90367
-12247
-40802
-76432
-70091
92200
-92464
5160
-81517
-24320
-27974
11573
33581
68744
-43512
68860
-6032
-45133
73618
-14957
-67013
45583
-95058
42194
52198
-33743
78210
-64054
-16321
-18892
25475
99993
-42069
71113
71961
-46678
2506
99311
35425
-60168
90728
84844
74172
33571
-59157
89073
70436
-63043
-6941
-54445
8210
-4021
-20127
-92390
-30453
20949
28261
-10671
71217
-94754
5314
-84536
-95510
254
58336
-89686
-79475
29830
29609
82160
55363
20256
-48968
-87504
-96533
98321
98800
22298
-84329
41792
-64830
-96744
-16652
-46643
80174
-53662
12026
-73637
-97990
66036
-11748
-31005
75122
-28680
-5534
-308
-39405
-23443
6437
37026
59560
-9136
-54832
80044
52128
-37983
-26717
-16318
-60767
-46704
46328
-80677
95736
1083
-82810
48190
50281
39189
-51087
44275
789
-56524
87956
62202
12740
-68436
-18991
76174
-74225
-66606
10572
-86027
-6623
76650
-99131
-19490
58309
-53156
71568
-97882
65361
12159
39312
-30979
33712
37978
71941
-22237
-83891
-40621
-61912
-1363
26560
30116
69763
-85517
92263
-15744
-64900
28933
66231
-76519
-45055
53100
-34455
85348
29900
15424
-15632
8325
-41698
-70742
17730
-60281
52010
-18271
11292
-5137
-17264
74605
49211
-66500
-49833
-52693
81709
66290
-8323
5910
76076
-51753
-15581
78765
-14588
91247
64306
88161
80469
-54189
40457
-20833
-39634
23162
87856
-81679
96111
-36984
-83805
-65940
-40692
42889
-89333
60797
-68137
-55801
-66949
53915
4165
-69515
92924
28638
96305
-33754
52626
-18552
88803
89262
-37253
-46880
92836
55990
-1758
94894
-51745
35755
-33833
-99083
17331
22398
-85099
50386
-70043
76261
72637
54804
-91955
51545
5545
94670
62244
42516
-49879
-95985
17147
16512
-40139
22908
62734
2048
-55615
-55183
52324
-74267
14168
-75652
-29427
71892
38104
-57896
-73404
-69673
-6625
59294
20988
-50361
37782
79450
75806
11493
-64285
-43798
-48261
18513
-10772
-64951
-95925
42267
-7377
80241
80153
69397
-38115
-98413
59455
77313
35639
3338
-23681
25655
-83593
-89092
-88650
96924
-3440
-53481
69633
-31271
-45190
-53390
69131
-72963
6396
-32365
-56620
15693
-60245
-19361
70359
-38769
-97268
17607
38024
7719
29636
-2533
-89194
-9842
2713
7417
-45406
8800
72134
98147
-41814
49682
-65318
-77425
-7232
26537
-6041
-14469
-37646
-41791
-71440
65582
-81327
36433
-35072
18899
-22099
77865
68536
25730
47267
-77441
-94186
3310
60257
-27831
98107
-57947
89495
-97870
79488
33069
-32320
-77466
-78738
-7546
42344
-411
-52848
91520
51198
-7172
67588
13153
94904
-11417
54125
9062
35983
85336
-90621
-34700
-57397
30353
-81429
-78033
-92043
76559
-59269
-43168
-93145
55
-7978
77997
-14649
-56330
11465
-93647
-37193
12402
18061
-94133
42697
75668
-82641
1643
529
-87277
66962
84656
42711
-73737
25869
50146
-56163
-68719
78164
3142
4077
53835
-70253
20217
83764
-21036
65005
-45474
-96321
80746
-19162
77486
-4514
73238
-84155
41420
-99885
-55057
86099
81442
71503
-50913
46192
98221
35690
-51110
-35808
43658
70206
-57691
55377
31252
80486
35396
60731
78653
-51177
36354
-25435
87825
19208
43772
-79392
-50076
79170
-96116
-90763
79028
97241
-24504
3210
-85767
-34189
25931
90898
41695
24380
65393
79892
18850
-88856
-76611
-87600
81005
23158
-10810
-76741
71695
-23115
-21165
38792
-85723
-45875
-89638
-15318
59842
-66493
73559
-38983
-13422
32576
22847
-83188
33843
-69177
-42208
-91042
-18829
-2334
-73224
18080
25099
-38220
20864
6615
-84231
80093
59290
-26762
50874
-73056
62539
-62440
-82489
-4598
-67496
-21812
-84427
96256
42360
-16289
9731
-42697
57670
-2048
-20043
-80304
76825
76405
-10127
-84642
17085
-99959
76696
-69415
4059
85318
-10269
80413
53766
-52402
-50342
70447
-18195
-83517
-63482
9332
-63945
-15994
10254
54807
88935
5825
-31630
91392
73677
-70960
-48185
-63898
96698
86518
-32425
79458
-81390
-53831
53176
-43941
58033
-12767
82625
65638
18641
-7463
90564
-20931
90651
-79062
65116
94045
77521
-57116
69225
-17711
98480
96198
70431
-13151
56348
-18092
-90646
59462
-75389
-5744
37026
-93786
41527
10868
-32607
-56111
-29479
11877
6089
20139
-55674
-79477
70874
-19104
-1581
47416
-8936
3663
-64665
-43115
-98729
-34013
-81857
93566
-23618
-70313
79834
-19734
79646
-34374
-73293
-92694
-20291
-57488
82552
-56999
6805
-19988
-47058
35761
84777
-26129
66694
-72125
61294
-92207
-38376
-76062
2665
-68243
37086
-69074
-23394
21901
39
-41390
-80612
-91743
-52233
-13695
73409
-82842
-67938
44515
-22292
-93327
77217
-52193
80827
-26777
8486
8830
-14698
-94574
20122
38949
-55158
3287
-66571
-54717
30933
52780
8821
90952
-15228
-94126
86763
-82629
-64050
-94131
-70707
-48102
-14280
-84727
-93277
-8129
22647
65310
47311
-57524
30395
23492
-32139
38420
62508
29481
53728
-87979
-77307
-11478
53994
8931
43709
-43434
90516
32069
53487
-79643
25379
818
40672
24398
-51192
-82279
-50840
-30777
52015
35462
49547
61037
42560
-46786
33683
-26471
-46355
4675
-31696
-20926
71864
76760
80579
-73078
75644
47790
-40747
25073
79133
-4772
12596
-71668
-50621
-24544
52678
90190
-43734
-66387
-33835
81846
-50250
-87199
70312
94175
42697
-6370
-23582
-55734
8632
-92914
39560
80186
29960
7633
-85680
-92560
-26680
13287
-48713
-72282
-76291
14352
29819
53717
-55443
24996
82020
26334
85628
49987
-99643
-91468
19674
80860
48808
40857
-62245
14553
66864
48725
50996
15368
69190
452
-98854
25374
68006
820
-10806
88875
55402
31413
-98436
24027
12113
-79208
97169
25346
28169
34530
-54275
-22030
-95851
7236
27978
5413
17843
67467
-52845
29497
24667
15900
-38219
-99769
39894
-39404
26016
4664
-16153
-27500
27143
-58401
-63550
-90478
70782
95083
32510
-88904
-37366
-65823
-65861
70619
-33283
-77501
28141
-34840
-94853
-73876
-1355
44747
-65066
-2356
-4155
-77075
58826
31875
-25258
3564
-61468
32946
29099
-50009
-93968
-13534
-68758
-73027
-95121
45220
96839
-14478
-54871
55636
-81428
-25327
-39269
88334
-38360
-56603
14434
88724
97828
-69562
83498
-78537
-60422
11037
10893
66814
82148
57610
-72364
26790
-66622
64295
80239
-46776
55824
52454
2408
72954
15877
94393
49267
-83905
78212
75184
-97845
-41688
-23056
21333
59105
-85942
-24131
-67701
-67048
15109
99099
77881
-31522
19960
2057
44449
-48396
-81215
-5636
-24772
64938
130
-5218
-4207
3971
38100
15301
-86298
94620
-70492
-21857
98677
-28137
35840
64026
43239
34597
59075
-56670
-8328
60758
-11705
-89650
5129
-67524
-31006
-52428
-26417
76688
-4442
53583
14975
25271
-82781
-27767
60295
93772
94986
-97387
44385
30021
-28848
-62891
15940
-81330
15035
-54026
27753
-98529
-31305
29172
-53035
-53724
46459
-93560
-93069
45835
95415
93376
-30147
98779
95403
65771
-45521
25751
-16421
-65141
95420
53365
-90033
-81077
33503
28321
2968
-15380
-48726
-49766
-33593
-79056
73022
-39675
90518
83104
91188
69495
-4543
-18433
32763
57902
-61416
51713
95968
-23174
4954
50668
-61058
-83280
5901
5286
36747
-66365
71622
-44473
8162
-27755
35647
42269
92137
44862
-70774
41298
34616
-4913
46196
-87700
28004
-48165
70423
-60330
61196
29831
-59358
51403
84093
42338
33339
25199
-47889
-44275
-60602
-96621
-55749
11075
-18865
-20797
-48564
-81633
-99547
32090
2306
-17866
18486
-1679
83398
-94836
-78222
70809
-43963
-24300
84678
-10532
8536
52124
16335
-75085
-2100
92155
-73542
-46953
9913
15733
-75392
21424
72981
83682
-5197
84217
-48437
55297
-19575
-73134
97735
-44348
92539
68025
-7979
37191
-1615
-29709
-49390
-92026
-86822
54992
-4294
-21009
64877
-31729
21198
-28516
-87731
-9651
-68305
48050
-72339
-58942
-68472
82366
-84180
-17670
78828
-37578
-79282
388
-90662
-76217
-81861
-32845
-61953
-44906
-49424
48296
39190
-94309
-75913
69847
-96968
-63106
59793
44783
88625
-40592
-74670
1368
-85642
51725
-88350
49069
9016
11937
90726
-23192
3851
-66274
-13021
-42632
-79244
67783
-39881
-19985
5932
14285
-84529
-85268
-82893
-85850
78652
-48395
-45532
-98580
-44968
39560
-95057
74196
61710
87330
-46459
74114
64603
-21302
5955
-96839
-40599
5244
75745
27231
72592
94968
67705
-91063
74631
93872
27477
83755
6231
-15330
-23269
-85780
-55118
29909
28001
-64002
-76689
-93469
-71773
36318
37648
-94493
34761
-69543
64159
41481
-11162
-50350
-16666
-61634
68767
-42756
-54941
56511
16599
-88561
-17924
-62670
-19867
-97628
-8212
42536
99484
10004
98166
-69962
76430
-22739
51600
-21437
91170
45609
64419
-70937
25864
11881
87329
70872
83691
56346
-17704
-85533
59338
54778
60983
-49297
17642
-89757
24116
814
-83058
11141
38212
79327
-15637
-78004
-28547
-72453
-83064
-58220
-27848
15247
89360
4258
-95497
31224
50770
-6119
2005
83409
8158
14742
-88453
32896
-64736
-8387
77273
87781
47388
55499
97451
65228
-3791
-69110
-24239
87034
12052
85514
-13061
-71473
32382
-1968
-10259
55711
3006
24135
40103
3027
-89283
14604
11686
-58931
53234
-19977
-28621
49540
68585
74017
81521
-36541
-65881
65637
82202
-55626
-37221
27986
40656
83393
-44188
11107
9589
22707
85365
20598
75980
73625
-47971
-49647
-69924
48420
-81440
58946
32134
92481
-34045
19651
-8284
46319
12089
-63695
7795
-39502
37967
-56536
72203
83937
-78324
20005
67989
-77432
16464
47801
97378
-35446
-88183
-70814
83812
-19362
-4031
7803
-56001
6676
-24252
79591
28270
48495
61216
-52900
-68710
51991
-45174
29485
-11093
-39987
-25917
-49913
54891
44020
-51969
-38941
-18345
84735
-75536
46602
-92140
11261
-79947
24623
79701
538
-75380
60086
-65775
-68231
-62393
-60443
-10158
-97768
76857
-49754
-97930
-41687
97560
3479
81203
76588
40293
5492
-80400
72272
24717
-57545
71716
-39915
59050
-86731
52933
-58835
-93606
-77576
-50257
-22654
-54228
25413
-20758
75982
74047
-34063
-93000
58101
77625
-99085
-50232
-60999
76184
-40123
6195
7559
-31187
2486
-7823
26952
34551
63148
-54873
62876
-29680
-65777
-84300
-65086
-3815
33996
-69246
27228
30420
-10724
-10013
-29045
52971
-16214
-14334
-22455
-11783
48594
86702
-81300
64789
88804
-89201
-17746
32991
42170
-99949
-49704
-49
46662
-41568
-81784
-94492
-24335
18488
-75211
-76573
-67165
94274
38548
4882
-57848
-79607
-2752
55449
-92225
-92592
22383
-30780
7000
48249
45718
71879
-57220
94571
-22654
-81827
46976
36170
-86923
-21227
-22139
-22665
-90868
-47734
46904
-84621
-438
4595
31396
-99276
-91056
-9347
48333
26474
218
22008
-81121
-29727
-28293
33479
-65514
-17562
32128
-47487
34071
-29207
34831
-92797
85494
-19783
94053
-22667
-88087
-66265
99254
21697
1288
54818
40805
-91499
83230
-41515
7048
-35751
-24897
-52201
8969
-68684
78001
76446
-18058
52084
53328
-21673
-5920
-52626
20098
12246
58385
-93571
-93648
-71608
-73388
31693
-27652
-83246
-9076
76932
76863
31699
-83750
13785
27248
3548
-64199
-46811
37383
53435
31271
-43563
56081
-45456
-54218
-78146
62407
-23318
82663
15748
34366
86770
71029
67638
88105
31294
73982
55775
17028
-321
49001
25599
40789
97238
6556
-74949
20854
99593
-86287
2440
88092
-49862
39861
-3726
74391
32556
6881
-62109
-21382
-14221
-56217
28618
-27550
-46418
3557
36085
-84728
-442
-78930
84997
-97468
54148
-79531
74616
41165
37448
72631
80292
92144
-93170
-78895
-15241
51324
-3387
97730
-15959
46296
-56026
-27618
-12669
-78742
-44122
-64439
57550
90537
45736
-9460
-31067
-25173
31820
28813
60976
18976
11776
50555
33706
-63884
96801
-66198
-93409
-13622
-43151
62219
47753
-89593
49754
21391
-1283
-98342
9261
-12825
-80151
63563
92685
32442
-77699
95803
-56144
42165
-15740
15607
20518
-35069
46704
-9415
-30513
-14925
7213
-30070
26060
-32624
68238
64409
-19612
-12697
75554
-11540
87013
-1906
75887
-37873
89207
18703
-29835
-81949
-35797
-32298
8541
-51194
-72271
18191
21263
-49049
74746
-31258
37406
-21700
96771
-10094
72747
40219
-87699
-62470
72021
85873
36191
-2419
-44495
-72179
-80820
-37480
-89637
99241
-34531
19239
-88979
90463
40305
23008
-86099
65166
49246
-53819
-65885
23103
10677
47425
26518
26756
37557
-52384
85136
-43875
52967
66098
12125
-29098
84766
66533
-93517
97907
75554
20
-20880
-83012
-8116
-88694
73579
-75068
78425
-65687
-37306
-40555
37387
-78455
4510
-58112
-74738
-95898
11267
91869
-85582
53004
-83348
42045
-99953
-61115
-91996
-22184
61143
-61410
-77942
17849
23271
-78514
-22435
-32701
-93609
17314
-99918
-40642
-51030
15236
37344
-61041
-78378
78956
79824
-37903
-22983
31032
86750
82634
-15419
-37257
38566
-23631
75629
27017
71196
-70559
6871
91299
16375
1429
-44036
76416
-60408
-29805
67774
-62660
-52250
-55963
39459
20401
-82559
-22038
-51547
85704
95072
-39726
-65779
-91673
-60986
28626
-54004
36112
53861
77323
-49218
-49201
-45650
-7517
-74288
93922
52571
33852
61047
-10939
61882
-67930
83334
81120
-32440
12917
-32716
37601
-40029
63438
97835
-66933
-29383
74059
89857
-27541
-37867
37303
-53454
-67802
479
44496
60612
-13503
-96719
-41119
16680
-84127
-52467
68228
-92784
83526
-33579
18828
-77773
-36306
69125
86677
43543
58383
-13440
-15871
22757
73777
-8099
41750
62872
-23499
-96666
29521
-21872
-88849
-27024
96005
33374
75604
-16522
98056
-14819
70797
-7649
-11736
-82480
-21640
48220
-64564
-92297
13440
-74305
24631
-26727
41181
-20114
-14958
-3912
30201
-77151
-25999
-33970
-42114
-25118
99944
-72779
-55504
39485
-40674
50879
-93198
9665
71698
-22697
-1972
-24422
-49192
52828
77215
-91603
-98481
-53599
-65775
22830
-66850
36835
96497
85522
55441
36226
-23594
38611
44109
16553
93987
-54207
80895
-48407
61952
5309
72582
-14352
-1947
-69309
36553
-63889
-19841
-3738
-90503
-37317
9339
-15523
48245
79151
32361
17123
-97041
-79445
24518
-26693
14863
-83375
-24031
14603
-59876
99855
36075
4396
16088
92685
-61235
54915
-29004
10966
-95420
-84883
-78352
33464
79486
-76844
2282
43412
-49240
-8936
4978
83183
-71992
9782
71732
59560
30994
35761
-93672
21388
72487
-17358
-10158
-76240
81399
32130
-40796
-75372
-55347
-61078
-23900
-37037
-23419
-36141
11444
24874
-31146
-60500
32806
27168
-92527
74532
64556
-74289
-61691
88265
-79469
66808
57993
94793
45554
-41144
-84060
-49744
79850
17224
49733
-85424
-93332
-73685
29979
-93255
-52987
-76944
-11985
-64074
84268
66212
90705
29451
44120
84941
-49444
-34734
-40823
-438
-99426
-25375
-62156
47489
-2582
82465
-68944
-49608
23532
-19405
68631
-47211
18199
55015
-18311
55867
-24921
-77183
25280
-50926
-46717
-29649
12110
-27081
-58808
7136
68267
93718
-62160
84296
-77251
-95507
22703
-64501
-11894
20099
-1295
59877
81995
-72095
41344
-50026
-32178
94498
16627
-35823
96527
5492
56259
-17167
39941
-39034
78801
86335
79623
62256
64725
44317
-36468
-30357
30624
77502
2810
60106
-24817
-62848
39490
80873
30386
-32929
-6620
-35584
-99727
-97680
28668
-39034
72500
43979
80990
84456
70665
98571
-36824
99059
5833
84727
-84565
80725
84871
4909
75263
-87434
74904
-84525
41950
15337
92249
-74205
-50865
56173
86757
-8881
-69021
-25269
-30122
26222
60578
24471
66858
32039
44264
47526
13932
67459
-57441
-81573
46509
53509
-4688
-31464
30684
-35676
12988
60297
11689
65882
-41341
-58940
91138
9569
39526
-6904
-32953
-47060
79310
29045
-54273
5176
22078
-73762
-66292
-14829
11475
-2633
57562
70458
14938
10251
90306
56110
52691
72441
80664
-41157
-91053
-60424
-60968
74009
-18068
17020
-68225
-76611
44192
-41318
28469
65115
-83249
-85647
59084
58751
22103
6773
4158
-78431
16658
1977
45654
-99300
-70422
24044
68918
607
-27566
-90834
11017
-32879
91791
-56743
20709
-58854
36260
-52044
7370
-27656
28516
-47464
83065
44495
-47501
-91290
-19465
32119
-74773
71217
-71077
-90937
70866
53990
10164
-32072
-89058
93219
-84049
-35879
-61339
12127
-68968
58009
-59485
56114
32644
60048
-66336
6657
26576
-48268
79357
37471
41520
-43829
76460
12331
-20036
-5463
62545
73034
-84473
-69257
32450
-39782
-46535
-39924
-44699
51944
-49935
-94134
72125
40437
-65790
66681
77723
-36817
-74266
-85209
-22382
73568
-75419
-65785
55619
-53924
-94996
-57405
76477
-74182
39018
-73980
70519
-69839
90129
-59514
76982
-69883
71843
37189
-67159
27282
-83870
-17963
97331
-16794
-64890
-57241
11971
-71306
27716
-74944
-93499
-54371
-28201
-25520
-2507
21915
84851
-77837
19922
-35972
85454
96430
-96506
-81101
-26694
84708
99030
2241
29709
-99282
-89860
-52277
-41580
11208
71332
63189
-45025
74126
-94811
77462
29075
34127
-70376
71110
-36008
60679
5456
10489
-21312
-71418
28277
-71951
96385
-98020
27695
-23082
-31002
-67621
-82516
64007
-84913
-384
8708
-55366
19240
40137
-91518
-30220
72331
23771
89758
48196
-56061
85320
51508
76567
78574
-14512
64694
60465
62949
60062
67381
-35749
-5253
39023
-37600
-16827
-98593
37050
-66482
21516
-87533
57618
69901
53850
81498
-34997
67170
6987
-12705
27478
8372
12090
-98640
97255
-66669
48969
-9061
51474
-57771
48035
4424
-5843
74372
-57760
34501
-54900
19372
86338
94547
43535
13914
92035
70225
-63407
-71617
82561
-81405
-50878
-97396
-51356
-26802
-9080
-24321
94618
-69599
-20632
-66880
12330
14333
33126
-97574
36570
73254
26425
-16503
-54186
-59042
83968
-4097
23434
-65370
62581
33922
82741
49356
-82920
69013
-50251
908
48491
41564
86397
-56636
-80533
66086
-54924
34721
87387
-68219
20357
39918
-59348
-81403
-4098
26159
-58487
69253
30811
-29615
98272
78285
-51712
17827
86279
51763
-17174
-97301
-38465
-29903
-56109
-88428
-36723
7633
37452
71115
2919
87811
14551
55293
55620
-38156
74015
78537
83251
-36373
2902
-61334
-5785
-70066
46276
89979
43077
-2248
-70533
58712
83524
52072
-74287
-541
-57957
16743
45599
-65748
-92813
-43621
40850
53454
97025
-9103
87548
59739
-32448
53719
82121
-41048
36486
-18459
-1435
48316
91140
17433
85371
11601
33298
63581
68989
70967
-474
60245
-64988
29459
47511
84974
56870
64616
-86567
-6471
-60228
960
77880
2574
-26945
-54914
8017
51845
70601
93725
27773
72163
38529
35880
-57687
22427
48751
10740
-49265
-4490
44967
54332
-44417
-39721
-9582
-59257
-67856
72530
57587
40490
-89720
-3460
28157
-96689
-21082
-82933
23873
99115
35983
-47140
-92884
-49970
-27192
-71024
-49178
-2861
-58495
40123
15481
91604
-97652
-98449
-70186
-1587
-10948
33349
-61227
87164
65791
76174
41114
-88291
-1945
-33593
89934
40969
27226
-5947
84106
30065
51556
55714
-9892
83766
-61627
-17421
-27344
-91864
-92607
1342
-95572
93134
76456
10859
55487
-9431
-1250
-82589
6219
-31988
-23102
-6590
-58713
-16290
-91254
45534
-77772
-23466
-14404
75928
38571
-5427
-26299
-31459
-84034
23113
39331
59165
46500
-48875
-42125
-94344
-59305
-74956
47785
-76284
44502
71612
-3128
-1063
-50623
-68785
-45849
-85873
48868
60820
-8522
56390
-55793
60586
-75752
-77635
-99855
-71171
-13519
-9345
-53034
78127
82163
-78692
78069
-99757
-73704
-98316
28917
80469
18557
-94374
70815
95484
-12294
-35158
-70979
49722
46161
-33923
27977
-20734
98469
-97146
-87884
-97938
-69731
7551
-91885
-94674
-11730
-83263
-75942
24144
-91677
-20871
26909
-52946
4510
-5533
-35880
14820
-90575
2276
53297
23545
-39174
-41739
-89287
25973
50962
28749
-78776
15390
-25474
-72628
-8858
76664
68329
21334
-84441
-75938
-49904
-54596
-85424
25683
10243
-99435
-44543
82600
24185
-71515
7532
-9642
2209
47589
34289
-16184
-74559
19182
-57246
91778
-90261
2266
-986
41869
72616
-1007
39149
1835
-11091
17677
81857
68184
-18450
50289
-3099
32141
-25468
-35284
-3386
40549
-19672
9313
-79283
-3169
5224
-481
90364
53526
65087
-39579
40929
44506
-95254
36606
34791
-98050
-77035
-65046
-16769
12658
-28999
9579
-92035
-85286
61038
79993
-32547
95270
-77005
99605
44187
67035
-17101
22942
60308
-67664
-10568
-57973
-61712
24284
93480
38400
97211
93387
-71802
7526
-39217
-28958
92460
-40840
-41606
-31237
-61078
34395
46600
90756
31223
7840
-30144
83052
-13902
-53853
89557
-86561
42233
-49329
-81147
27739
-80326
54356
19579
8849
-66208
71864
5154
74243
-86568
88239
48713
-26985
-78455
-59125
-68187
-91615
57779
-68640
94142
93548
-1530
-38788
-80151
6528
22455
-94758
-78914
-77610
41698
-28948
84587
81980
21925
-86652
-78023
57176
-44266
-40032
37531
-33449
5525
21464
-98278
16256
-35811
-75543
90826
98338
-1996
-81183
-82932
-36027
72949
-35879
-74544
-69657
-62391
46533
-40051
-91699
45485
86856
15826
-19922
-22152
75455
27345
-64138
-76551
63242
-97236
-52707
-44878
29267
98728
-59372
63490
-21085
-55889
1868
74343
-18363
74986
59503
56277
-80011
64922
-50428
94467
85702
44859
85642
78814
-16677
-93135
-6936
96998
-42345
17060
51021
20316
88585
12559
44224
-31286
-65873
-86544
-44321
79212
46964
121
72098
-42746
12079
-2535
30386
-55853
-45244
-69332
-94007
87278
96164
-83431
84029
40211
-22465
60888
-89654
-22172
16015
-45302
17775
90820
73835
64119
-45273
-70404
-65361
84051
46598
97648
-83706
-68594
-85658
11603
-71210
-38790
94088
30046
29138
98051
24258
91709
39109
-75603
85713
-67902
33710
-38415
-86591
96844
-71720
-25390
-51605
16629
69297
98957
-65604
-96488
88765
54613
-65666
84916
2521
36315
-57462
7241
-44487
-20779
34366
-27525
-84177
10099
-16961
98316
84674
-67146
-40082
-37029
-750
-38819
-95893
85347
-22804
-83135
-23296
6924
60589
66241
-9088
48137
-12932
-4155
74018
25068
63671
72790
-75079
35194
-12191
-89755
-50161
75091
29595
-98939
-1280
24092
37407
34747
-29269
-66405
-22446
76928
47598
-77740
-62018
-57680
93363
20231
-24697
-72516
59462
-26206
85007
-15436
-95218
45992
-61804
8101
-82573
53807
28827
-1340
93789
12314
21999
-77034
4859
-72399
9132
53575
85464
-55197
-1000
76111
29668
-60974
83838
-49595
-46175
-2506
-20250
28606
16953
-29467
-20123
21474
-15561
41392
37155
87368
88244
-84902
-3198
-55734
-50178
-21190
-62562
-87861
-89587
3334
4504
15457
-95886
60312
-49365
-95426
-72922
69845
-66586
71288
-22940
77373
-8751
97802
-7656
-73033
80150
-95114
-34442
84152
96195
18070
-88903
795
87487
91411
16550
51706
2039
56011
82123
29377
41071
-41281
60571
-28035
38726
-45690
-58440
-52536
-13470
-77864
86100
-82785
-7850
68069
49087
98546
83011
-74151
64904
-30757
18564
-74355
11392
83406
44042
-28698
28452
60664
40159
-74954
-86054
-57221
20360
4634
-46201
-33201
20825
7085
63740
94561
-52608
-7384
75564
85700
69130
-24699
-83491
-34114
-75590
39439
96009
83370
-93316
23743
-15677
47638
-65557
-80882
-13529
-78291
-11338
-51546
-71604
-81647
-6541
74493
-65389
-85610
41430
-20187
-18401
-30377
-87407
-77979
-61275
13902
14095
72777
72388
65386
23208
-15850
-94983
-29233
-17947
55960
-21389
72267
12065
-94310
40921
19011
99108
-84914
-34878
-49709
-38797
-19806
-39078
-7058
-78120
28146
-73252
33252
-16257
39082
-86412
-79198
-41675
-33689
-55925
69735
89920
3059
-34654
-44338
-77528
55363
-82009
-83421
-71745
-82187
-80065
3228
51735
50541
71702
76447
30070
-35848
-84049
-7194
-8237
74484
-84424
18479
31840
-63500
91944
-84157
-26347
-4592
-13465
-95660
10622
-73925
-90180
-61947
11666
-92245
52806
-42469
3481
-75883
38355
81073
-94649
62907
-65529
-17223
-90438
-61532
-67135
-57875
-74884
46876
11976
4506
91725
41291
-34468
66031
-54787
95700
36622
-45008
-48791
26632
-43320
-97866
21485
-4625
-43177
-13700
80875
-73673
3861
16328
64988
-2319
56790
-20116
43256
69
-16685
82560
62971
-22433
-98976
-2840
-49325
-28762
-66887
65042
-6223
-44468
-57394
77046
35192
-61280
55095
26427
-48931
-46531
61528
18660
-38303
32193
24090
-14805
-40836
25431
92158
-12208
27537
-26695
79254
-65461
77267
16255
99423
-29971
78471
2087
53241
82206
-96775
99510
-43129
80633
-86969
-33888
32839
-45954
36663
29134
-15112
83897
-26992
60043
49796
40868
89756
-46831
-72525
-44492
39963
-14920
84683
44109
89216
-21094
9207
-5034
37419
-79
-4607
-44899
-62651
66018
57440
-81076
-25030
8025
-87251
-10267
60553
-72817
48106
16042
-20989
13156
77729
-64944
31792
-82884
-84846
26769
-9623
-30316
-15805
-49781
-23729
-8964
92789
-41793
89352
54600
-34883
71989
-4606
86595
-21952
-71903
37261
48387
27647
-41605
-72800
-3399
96855
-14078
-32943
-51850
-4526
89550
20027
-45655
-36517
-34250
-82620
7036
-87213
-55532
-36898
50950
97379
6215
27102
22098
-93885
-85228
383
-76077
84409
-23692
-98250
-48667
69554
66306
-38419
63587
25905
-66233
-93525
12321
30832
-24769
29937
45198
-74213
-38578
21171
-5140
49779
24003
-97024
-60944
-16006
79727
-83438
94013
-10456
-22974
956
-24389
-55712
11966
-98542
-36529
-87558
-47360
-11898
-90601
-49580
64898
59283
33438
58545
-81280
-86107
-43927
9083
93152
-22175
-65536
88050
23050
-19468
-89193
11922
-58491
7222
-81015
-50183
92969
58643
-77229
38433
82527
-1578
-42434
20080
7417
80598
-74522
-15991
-7238
56842
-89361
-4922
52162
62093
54309
-90943
-19433
42604
77032
80751
-98698
57867
-24926
-16102
-71241
-9069
-88238
-68509
-98287
-77929
58188
7034
-58105
36967
-55827
-78319
78004
-9168
-26434
-75092
-55360
-4234
-98028
-21427
-21599
10453
-62165
4346
42892
1965
911
95175
91289
46127
37664
24773
4805
-52510
75688
18939
11961
-11068
64708
-81487
-37014
-23538
85153
-83091
95374
-37456
-90176
-71532
-97316
-42061
3910
82959
52184
53690
97585
-48064
-86134
-44975
-36785
-37753
4656
-66823
-42611
4483
42702
21330
21134
45981
61616
11567
-88271
-43044
46702
90661
-54679
18815
-33258
-15482
-59759
-12780
-56815
-41373
-1907
-84493
9796
85497
33409
91121
96628
-5479
84732
-95408
-80903
-8815
-8005
-82269
85990
-25523
85036
-63148
-86010
-90295
65827
45724
-18880
-57908
96475
-12489
20504
41960
67469
-95221
-24604
57456
-19186
-50988
22486
30290
59697
74210
-86221
98929
-56117
85823
-759
-42109
-38778
-23262
32229
73951
37107
-6775
-69375
-61510
81273
-27992
88186
71777
-9401
-13705
66783
-12490
18961
-6639
-83078
42717
-63123
67260
-52641
76628
995
-57082
92758
-26810
95672
-98666
86557
73129
-79245
-37454
-257
-58295
-8349
82157
-22715
89434
-10475
82071
9470
87442
-2669
-63347
67779
-92239
17154
-79261
23862
-27747
43500
41872
-3371
43383
14535
58692
-18217
93066
68288
-56359
-57511
-54928
83263
86201
73086
-15086
3186
-96744
-84823
70473
-94468
-30430
-38915
-36719
57072
-52543
-60760
-72368
96304
-23779
10405
64162
-38975
67905
-67039
75263
25520
-20803
5573
-36289
-63583
59415
-13705
-2653
-46787
-51830
-71385
42608
83023
90596
-50107
72118
-22572
82174
45066
36295
95392
81629
95863
13159
2190
33393
-38210
-88792
39811
99105
-5232
85879
-83542
-9656
61582
45546
-83107
-65334
83140
31953
-99371
-28439
41659
-68497
81444
-77218
74058
-87397
-80488
99253
6874
69990
-35991
22854
44261
-24597
-99889
-8272
-83823
-24841
22797
-9300
-17918
11476
50952
-30789
14319
-38689
-20902
34784
-13725
-84417
-5729
45788
51775
67285
74376
84436
62841
42991
-53023
-93785
57902
89666
69994
-84500
2815
-76812
9309
9076
-63659
93974
-66211
-92039
-21254
69973
38015
-17597
89157
37000
60677
-10548
-28300
20463
-73696
94690
-98859
82667
66484
95176
99437
-34098
87060
-63402
84288
47169
-88988
-28180
3351
71952
57547
32117
26554
-18486
-22278
-66780
-73216
18326
94438
-77833
-37812
-72598
46282
57868
-2804
85007
23701
48181
-57882
72305
-20329
-76179
-81926
85721
-93343
86433
-67709
46149
25518
75996
-23330
-34736
88027
17990
64123
-96890
22465
-80872
1922
7628
65780
37127
1185
-58684
-60941
44086
90344
-49210
-13034
86860
53907
41127
34233
41001
93322
-12831
18759
46935
87197
53543
-3691
-45587
-46823
69002
50638
-20905
-64313
-5037
-78097
-34440
-36761
-30895
-78953
-81979
-87354
47564
-28502
13700
24535
-79592
67190
7640
-44784
19428
-26758
23932
-77351
-8437
-31761
-75791
-15558
-31080
-86453
50743
38934
94093
-24068
-97065
37658
-39851
25300
-17602
55675
-24682
-87730
-64195
4031
15974
-69469
96364
12682
-473
-77749
-14435
-741
-39810
-77435
93530
20805
23459
21934
-82017
20029
-29743
44658
-39343
69822
37530
88390
10984
62807
31701
-46253
-19876
-28717
-69577
-13907
35858
-56964
77704
64960
-58385
28423
5385
87542
-63735
-57568
51324
93805
-72561
-85851
36153
3539
-61331
55004
-50765
-29548
-32326
-48477
60352
-98836
-81875
42090
96720
-80943
-5032
-98000
33255
-23230
70163
-41177
-46010
-32195
-85230
17547
85531
11702
28942
41163
61958
25992
-495
-45197
59813
42453
-3698
-69506
5869
-95183
-79722
-13342
49444
76985
-79686
-5296
-4993
-41492
3449
56203
-91256
-87259
-95772
83404
39360
29867
73447
50201
75920
70932
89869
60181
-79780
-73134
-51878
-91406
-36523
84246
75524
-46408
-20597
86075
82916
29259
9094
-94478
-44759
1300
-75460
31685
42034
13156
-40945
61056
71860
-27628
-65653
33709
16997
6676
-11613
86829
-75112
97653
-90109
-88656
-66387
-29301
-26319
-68089
-37297
66913
-44609
17607
81754
68168
48060
-67596
-68768
-29421
-30802
3165
25675
-11041
5944
-52205
-15949
99259
35971
73215
84896
-26150
-64988
32199
-72813
13914
80379
86661
24306
-90816
73509
-39902
-80810
38815
23487
17893
81533
-7862
-56306
-2861
-83306
10362
-14922
4659
8396
18004
30531
1873
28993
-22505
16859
76247
75880
-11447
-84711
64538
-26605
-78057
63754
-36001
22950
-15173
6269
-25669
2729
24272
-75502
-87699
83171
43894
12748
-88370
-1223
3971
-26440
59290
4495
70117
-66653
-39307
-24194
-76859
2607
-78454
15938
-93531
-27724
67183
42081
65230
810
53852
-89780
14833
-16544
49639
64182
97544
97172
56223
34814
-79216
-43118
-46769
-7671
18236
51191
-78458
30942
-2582
55680
-94792
-45849
81700
42493
23198
64134
30982
83658
-53441
-18152
87798
-76477
63216
1281
-62453
49794
-98528
-38780
10973
-59074
-40232
59695
-33097
-93358
-11619
-26236
86484
52709
-43753
-78415
55692
-15404
-84988
-14513
-19908
-45406
40635
5842
-71415
78595
52883
-43863
-71204
-4930
14920
-14897
-99518
-51013
-73359
58122
14363
-17029
43919
13034
28070
3332
10896
94820
84661
32930
80047
-69200
92787
93950
38483
-393
-42225
-45855
-80219
-5048
7714
-51714
-6674
51760
-30710
-96785
79135
-64966
-22971
38383
31224
-10653
-1104
94100
-27249
-48686
-59479
-11962
69815
39992
84108
-75826
65449
-21320
37466
21382
67004
90379
-57690
-60556
-60883
-65366
-21463
-95972
99953
-76556
5277
-91721
-95515
-82349
-39929
47668
-72525
-60564
82695
57928
70380
17272
65746
11832
15971
21820
6386
-68809
-14802
-62325
-34863
63090
16686
-20050
-85172
-78537
6723
-77105
-1062
-66512
67373
-15747
2420
76611
18171
-15067
-22308
68826
90300
2961
-34626
-93271
-41324
32696
18014
18213
77645
6512
-2947
-85303
-52549
13772
-70218
-41446
-38366
-29552
-93230
-12845
34565
-22429
-62803
-75049
12018
-93483
-68763
-61943
39810
39230
-48617
38942
85856
-21143
-68149
61309
38063
-30755
74967
56163
55603
96286
81286
-45717
-59879
-40127
24423
-51508
49712
19099
79977
-59411
-618
49081
-49426
5928
36245
-77589
-63265
-86701
-16594
8211
-66318
-76242
-47204
-41779
-12122
-65508
-66325
86790
-62134
30440
-7394
-59465
82254
39246
73486
28099
-58916
-21757
23758
42261
20920
47931
-19070
-16
69025
7949
-83315
-43779
7177
-49629
-56194
-20577
-31212
-71269
39699
92651
83194
-86573
-31873
31173
62648
28770
-93627
92825
-53106
71403
94118
-81679
87328
-38242
70330
39792
52726
23879
92687
-1137
-68991
-3481
4133
79013
54353
33277
-21109
-98140
-82470
18438
30033
-15989
-10326
76597
-48179
10626
-27329
90813
-67061
2255
1993
-94790
28542
23889
83357
67395
-86307
-44949
-44811
74357
66265
-7312
-10758
-43509
-31030
59735
52268
4255
-31048
-26401
35831
-7511
63729
-18355
-75992
82709
-51485
92181
-263
44713
3527
58725
-56546
-13082
69956
19671
-41325
-41333
-51751
-19936
-22905
4573
-99269
40763
27823
-25651
-72366
90030
69331
-30042
50167
-33628
90176
68464
-91293
96825
-83578
64580
-89944
-87558
17283
68404
95657
-24252
42466
92631
-91696
44655
-26464
-99024
20013
-12099
88195
-50946
53215
82445
-17424
-55740
18970
6270
-19205
-8472
89510
-5411
-20158
64569
47441
-11517
8997
27044
-89870
84828
81668
-31316
-28397
23077
-8316
27151
40156
-27712
-65562
85957
86895
-68987
67021
7612
59477
69853
59491
-21880
-57131
-65199
-24156
-86948
53656
62408
-12400
-83689
74731
-31818
-43215
-6437
-80067
-54733
-19771
23194
89185
-37862
20762
-7740
2188
-96291
-86845
19670
-82917
-49313
81496
61657
95809
840
-57461
88518
92237
-57024
-80682
34588
-88958
89846
17952
-78206
-98948
87598
3325
57078
-41197
20582
-56749
-77700
27513
67237
-35900
-1828
89456
95912
-6552
82405
82485
86488
-11210
34163
4459
74021
-54104
-85490
-83396
-90580
-51454
-83999
-64550
-99445
29039
77503
26925
6075
47407
-90920
73796
2770
30700
39912
-75663
90034
49947
16368
82468
52100
-69300
-58335
55693
-10646
7580
10414
-39825
70606
26768
-73115
-46145
-66731
-84561
56727
-50412
34042
-89765
3601
60316
18328
-63195
-53770
77019
57489
-97128
-32778
-25351
-38589
91407
92936
-74919
67371
-42364
-46620
38790
31316
67962
46069
29422
14844
-41960
65864
99117
-45483
-78229
-14288
-73067
59627
15911
46883
-63488
21458
-40889
-26678
-72560
83745
54397
79009
-84109
-16160
75185
80590
1119
-65769
47612
55796
-58891
48217
-35352
-75200
10450
-16931
96114
-89351
64114
-87629
-26212
-43376
-31174
28896
56199
72432
-70598
-18936
56656
-54235
73126
-4263
12304
62352
-8927
-46070
584
-72739
15829
2962
13696
-60378
-28171
98936
39998
-75885
38228
69740
32089
89350
-86201
26036
5025
20337
17334
-73441
-98336
-64763
-93098
-42518
76271
7364
-96162
-28363
-56972
99710
74659
69275
-19762
14687
-23500
-81839
-45965
-46141
-18503
17421
-13088
57212
67103
19478
-64949
74642
41270
-17308
82863
39950
11454
-76344
-30457
87155
78972
-79735
-67700
63209
31690
56220
68180
-73385
18264
-97551
-60959
61113
-27380
-72477
90350
-63151
-76042
28514
-42485
-81190
-22026
98815
-34403
-24453
-71040
-72190
72480
58683
22336
-79821
69237
-85691
2032
-25491
-75866
41010
-43231
15786
47764
19353
65307
-10629
-42148
95258
-28088
48613
-52485
-59795
48891
15290
-88598
-81359
54682
-40449
48230
74293
43525
86890
-64504
-42501
86609
-23998
-21275
78555
26717
28971
65938
-19731
31255
-2073
21283
76429
-9912
18432
45802
20069
4041
5827
-91158
88038
18557
-37499
54181
70690
63765
-16553
82984
69863
-31507
70903
86215
-36652
-86015
-55806
-77702
-44457
68045
90195
-4066
-77391
-87304
77928
-68180
-13099
-2003
55820
-39946
80500
78714
46295
-53361
-42227
39781
88500
-99553
68587
-21987
80878
85926
-69457
-15345
-49327
-23711
-43838
91065
5524
7486
-43302
-19411
-68411
94085
46173
-17205
1256
-22689
47044
78207
-27035
69856
85102
38814
-89927
28086
-28888
23239
-52652
-32512
9053
72875
-94943
-63052
46272
-26280
34648
-74204
-57405
-22433
19847
-92858
48789
-5861
-42556
10852
55153
-87085
-81219
-85231
-1991
23787
54274
-48488
-84575
49169
-20112
88514
67885
24317
28188
-13923
38278
26475
-20847
-40065
-34144
41880
-81967
-60875
53315
51868
-86341
56374
19192
-49282
-75732
17634
65497
48131
77213
15140
-15372
-3524
77324
-71991
29129
-48415
25264
73977
1608
53336
67850
-45652
93966
-27321
-62285
-93183
33653
26705
-37826
70480
-90955
95852
67708
-74180
12357
-35435
5933
44535
76816
-94426
-7756
-50627
22076
-89299
53113
-43288
18395
-45756
-65197
-21209
-18837
-13334
81679
43216
46037
32574
86094
71502
53557
28791
-35777
-19195
87849
-80460
-91539
-12605
44012
-99410
43773
-95357
60649
42292
-39281
-92895
-35566
-34376
-44240
-30164
25297
-23863
-97157
68682
80168
-66729
83106
49758
-88550
88962
-79875
-34357
-71937
-71273
-26268
99469
15466
-8251
9813
71705
-17471
44363
92380
19793
18006
-23331
89290
68213
-85783
81051
33542
10180
2952
-69506
-8213
-17793
-30207
-87823
47058
5250
18766
92628
24676
6505
42067
69460
65901
-79133
821
2435
-58942
40058
-14444
-84696
10300
-47656
86466
-9864
-73414
-41737
-56231
50813
11757
-53239
61018
-93565
-58403
-62237
-85396
-6061
37369
26305
-73089
-80568
79267
-95851
-40088
13954
62186
-37104
26248
85532
-31103
75847
41639
41769
72035
31209
43731
27685
15267
-80191
35946
-7060
1545
67159
-2192
-83697
-69743
30943
39111
4292
62430
43243
-54999
93867
58592
40257
40054
13651
12915
24361
6929
-58072
-51137
71316
-55895
54957
-40043
-78246
-31194
70645
88175
-68132
-17767
-20919
86610
-98183
92133
73337
98093
33073
-21968
20326
57181
-3653
-87805
75403
83831
91845
48058
-51863
9528
61097
76377
-56734
10817
-45965
-50617
28298
26426
35503
-86436
-36288
-70515
26082
30095
10644
74858
-3799
7833
-54734
20620
-702
-33629
63111
-58501
-30828
14461
-16421
86333
-31674
51183
-75944
10673
43287
-51215
78094
-85040
-73882
-11706
-20418
89134
-10610
90826
-6779
29301
-99235
-38747
-24118
-90516
-63339
-84245
2579
18537
-2871
72486
-75762
14512
33817
50164
59436
42131
-76925
-19748
-34598
-98835
28778
-72420
73148
-53011
89570
65630
-24866
-70363
88398
30575
-35456
-955
18424
-44304
-5735
-69133
-94347
-54522
-3199
33160
39556
56479
-4114
-24381
-4796
-58645
-44861
-6361
-39595
-53347
-57440
-98630
-27739
34767
-76531
80062
86302
-89422
-54849
54716
70139
38769
95068
29754
-33552
42764
-5448
-49756
36469
14937
3915
-80831
32110
-35044
38878
-67922
-43987
62110
-62550
73252
-73378
37337
-32850
-2529
-69607
-81851
72023
-17589
82296
-38459
37049
20410
-71455
-87463
59548
25798
2958
-53695
-50863
-83828
-60111
-63424
39932
-69926
40043
-8266
-39113
42880
-72541
-23322
-37423
-48803
39788
-46717
5587
27563
83864
-15297
66449
-1884
52036
45207
-13059
-21359
-72638
-92168
-41982
40095
-13162
-61204
-52967
24874
-84889
42412
1030
12411
70501
-53448
56979
46127
-80096
-72364
62236
59603
54790
30376
760
58404
1644
-21632
-44738
27529
70522
30596
-84495
-72156
-15458
-55703
86365
68364
-38364
56350
-10334
98204
-5572
-32336
43890
9665
-52740
39364
15038
2213
-63836
-45088
18874
8503
58142
-96661
42968
62262
-71402
65914
29693
-49702
-78836
-65895
32408
-54875
12647
-4758
-20010
-75908
-89830
90392
57498
-3794
-37611
-78477
-3532
69192
75886
72870
-57867
-13136
22954
16507
99403
-49012
43163
81049
97137
-29135
60294
59909
-31369
90805
76473
65386
-95563
17663
-29894
58939
4680
47432
59919
-3577
41712
-13120
-12518
-47778
29020
96615
-17322
65302
-94413
-84167
84751
-78975
56128
-56310
97302
14328
-5168
20185
38530
-15423
45820
17345
42726
-65247
-89558
-24347
-44290
69114
-57193
1016
-27505
28386
-27357
23252
-63264
17602
93538
42787
769
86448
-98875
32708
26016
39658
-41236
-30206
42498
86538
98683
24213
-90372
34896
-46996
45884
-9934
43577
-47210
-94766
-61502
-40648
95347
42812
90598
98059
-49531
70044
81792
-64406
-31366
96223
73657
41444
44499
-77864
4743
-26870
-72028
60381
71971
-76633
-93010
-70148
11307
30368
74805
79626
22842
16993
-61731
-41795
-67310
-44397
-10245
-506
-6489
65957
75822
-60127
87298
84503
-46109
64368
75972
-90627
78767
59417
-7162
-34468
-86643
-39714
20165
15235
96314
-83920
9919
-37260
-64859
68446
53596
44150
3265
19773
54872
79988
-4296
-87951
-14669
92468
64851
-46073
-91345
-4207
-94232
-28107
35328
98530
-51136
-48115
4008
-60705
-5278
-76917
-29759
-98812
5733
94345
-25012
-32143
-96967
44089
-1206
28785
65795
-28168
-62336
-7861
94653
-86353
-84951
18913
89589
39253
51638
61660
-14785
-3429
28015
-47411
72461
-22112
18884
-45313
89052
-31737
71736
43614
-5008
-55881
66074
87386
17242
-4692
40531
-85537
-20097
-94818
84262
50420
90352
-36117
-70395
-66598
91995
53466
-92132
-43584
-39783
49586
74248
30160
-11329
61109
-3725
8587
-88946
20679
95442
21955
34288
49992
-51780
-53962
70074
-56712
-74170
31203
2456
-70999
-88250
94320
21746
-69687
86423
69856
-93835
22075
-3628
37160
-60368
16731
-18940
-71276
-40825
39358
-12995
60027
31980
-39273
-99938
-21160
84500
-50522
-72884
30854
81782
-22266
-98504
48645
-53917
-93813
98698
-66576
-9913
12481
17394
22792
11690
-5520
-12016
99723
89340
-10006
-78322
-93056
63890
-33530
-60479
-80707
-43661
-39335
28288
-89940
62566
87640
-99492
39914
12968
-65504
78603
-94665
13908
-30283
79234
-4461
38415
-2380
-14717
-81883
-39338
-80414
94811
66754
9734
59915
-26984
39087
-32327
85836
-54656
62442
90607
12923
36777
17741
-59867
59132
-15648
-3816
8229
76895
26757
-58562
-15154
92238
94770
10260
87313
-69854
-59323
-17910
24187
93250
-53138
33154
93868
35057
-82842
96639
-39048
22919
-19333
-72909
-2408
97401
-59027
36099
2915
21175
55764
-985
-53038
84
91161
-8232
-31907
-34742
-10746
-86949
94211
-73072
-10874
-29982
-70905
80491
69168
72013
-53049
-66945
-28667
47699
17090
3524
-39279
-76521
-75649
75115
-58590
23705
-6028
-41123
-46930
-20656
46751
-76777
-54613
41944
-37451
-10114
-64998
-56630
32454
-28433
34295
-48566
27279
78716
13555
85100
13260
-94341
-70262
-2233
34594
-9161
-32470
-73697
-16981
-92932
47022
-64241
34617
-71605
-36765
85518
-5657
26828
21796
-87285
-21081
38788
75545
96361
-25688
-55379
-48961
-94689
-62599
13281
-81780
-73271
91470
12212
-85246
87709
64177
-21088
514
-29399
-56093
11854
99604
-96422
12485
-88586
68941
-36835
-98732
-63562
91558
44604
-44722
43972
-39774
-89737
79956
-59757
94663
-58286
79988
-15003
83804
53328
61345
-70036
22176
51791
-46839
85937
90104
84277
66538
-31445
23745
-73489
11336
-17370
50040
59646
-95120
22093
25576
87308
14013
84153
-45141
-11929
94929
-532
-16428
49352
62609
-49074
-36055
-99294
65824
-20491
97121
-56622
-42534
-31969
-30113
52830
-60072
-12315
92964
34894
67466
-44936
-95454
71453
-1868
-18438
-54767
-54731
42048
43336
-52307
-29363
80103
-43046
-77113
-85002
-6411
65023
18277
-27120
73492
42823
-13655
-82823
-9969
-42119
86326
2251
-89720
-46858
44553
-681
-56736
59727
99972
-20431
-21395
60203
78681
29712
-49966
-55958
31506
-4986
-20484
-16191
64444
-18765
65228
8354
-74454
84129
-22815
13390
61643
45540
-53782
52493
-46737
-81885
-82600
71032
-5950
67102
-54812
93040
-23662
15683
54144
91745
51057
-94591
-73954
58175
-86802
54765
-81391
40600
-91865
6258
27443
55409
-6237
14197
10028
66472
-54636
-67186
-40301
16973
90018
48576
-62195
-94552
-26931
-89734
-76121
32298
-56154
-43751
-22914
88459
58062
16458
-43907
54909
-52359
-25847
-18122
-75434
85121
-82284
-31420
-5591
61015
-38035
41850
98551
992
90001
71156
-17896
93893
78151
-4255
-65823
-74395
72063
28205
-56928
-46381
50493
60767
90616
-37687
12635
-40263
49214
-96735
-2280
12823
20785
16470
27530
-31046
64832
79328
64578
28839
-33515
-4592
71463
-22890
-31804
75353
-55574
-66758
93912
-98864
-3892
84399
41137
-24876
-5572
-37882
5375
-52575
-78903
-46958
27703
94266
-38194
12976
-45377
16055
74100
72968
62884
-43175
31414
36566
4184
-83889
-39617
-59532
45997
1895
54915
-9358
-43533
68311
-53553
69054
-12152
-6323
-18998
49416
11402
-57200
-4297
46813
17684
10415
-83919
-64506
4387
80838
11321
73312
55931
-66214
-23367
-54236
85125
12602
67002
-35374
-22541
-39147
85211
-96414
-83281
-20900
31980
71260
17054
14565
-33825
-84415
-92059
-10947
89199
57166
-57998
63511
-92332
-82652
-93662
99389
67219
-85186
-20065
-39983
-93681
-99404
-65951
35893
-2141
-59329
56770
-39048
-71934
39455
-95775
-36786
-64933
-79286
41186
-69570
1393
-83140
-98641
43772
-49247
46786
-69353
-3522
76484
-80018
-65817
66951
47666
74506
46466
47350
85503
6415
7311
66601
-64137
-92825
-88219
24730
50488
7124
-48902
24063
-40692
-47007
-61999
89465
59430
-28425
-90899
-4558
-19757
-64349
-87368
-74315
-99956
98756
-53105
-63337
68981
-93117
-81437
52525
90100
64470
60202
-2809
-90887
17756
-97711
-30045
37248
-789
31419
-67464
85171
81255
-19750
72530
22716
-81118
33526
-84678
-78863
51979
99113
-15823
35225
-7730
19427
-997
1167
-83559
-38154
-20467
-45458
75701
11046
39706
47183
36117
-61604
23682
88841
-12164
24768
83628
-22180
-26754
87547
-24718
3966
2981
-63960
-72839
-58008
-69937
-50870
54673
-37533
899
-84810
41454
93258
-23055
-56142
-27002
-72560
-75181
95528
-29228
-24770
-82406
-66327
-40739
-41193
-54542
-98986
-84768
-56671
4126
24277
-16939
68511
-73985
-78156
-88830
31412
43374
-19004
4513
-77771
-33571
92316
-44522
23794
-47757
-39714
-66245
-97961
34193
-67507
-12344
45499
-20245
-78040
93696
-89363
41344
-27773
40822
-93814
-76665
-7903
-5802
-24586
-97452
-91052
14449
-49351
68819
92301
-74999
-89900
13862
92296
87590
-37575
40028
43346
-97351
42111
-42675
-34193
-69865
-39053
78020
29427
95945
3653
10740
-25730
-75935
-69596
-91791
-5409
83575
40685
78775
3224
-33268
15526
-72155
81666
71839
-87656
8234
-78559
-89644
56809
-67047
56488
29236
-76302
41126
-73712
84844
-3161
-13172
70623
-87332
97228
-43136
-15937
45408
65757
3455
61667
-8613
96605
-57590
72943
-91657
-23789
68128
52016
-1477
80962
2319
55701
20006
24186
95068
16648
-88667
61606
93370
32278
66808
-4395
-68888
77398
-66149
-47734
5464
-52614
99343
-97422
68257
-79862
-45328
-18804
-65343
-91633
-92942
-60392
-19712
39138
-73921
-88663
90314
83273
95365
-2499
33577
31103
40969
-8381
336
38467
28907
25850
3382
-80890
73785
-23247
-69083
98422
-1477
-16698
63949
-19674
-78785
45126
-53771
9091
-92051
79642
29725
-35895
12807
66628
81321
-86585
-1064
-27166
34023
-26414
95145
8585
-17043
50504
66226
83932
-52695
-71373
-99368
51255
11184
-58922
75635
-69179
14986
-74866
60264
-22710
-28862
-76176
5166
-26770
60712
92424
98563
-1930
-97701
-72758
-98460
24728
-25838
-83324
94758
19171
73528
71092
-98097
-54283
-31531
9582
-13412
-97171
3268
-14261
-45288
47422
-73689
-24159
-23908
-1207
-40331
-45658
10506
89433
-52577
67326
-26614
-88606
20503
-52944
92016
-72291
61582
-47060
-33887
-85201
6533
-65124
14878
-23165
64934
52358
140
-843
-2350
-9384
96293
-89660
45123
15505
54251
19451
-39073
28968
-86410
62320
37423
-43370
81501
-70677
-67399
16259
19474
-81684
-87067
-19213
64016
49713
30697
-15288
-67888
-59412
-51407
-9736
5793
20944
57562
15933
-66707
92135
28659
19667
52222
-72854
64405
18463
55267
14778
45502
-77203
35803
-13629
67903
72322
-39372
12743
79525
29966
-64168
-54198
-86033
54012
12711
-71093
-20822
-74332
20949
-11273
83904
14552
-75032
-75520
-97428
49185
86541
99253
79730
6221
-37485
-69452
-24605
64690
-2349
-67113
98648
-93343
49215
-38678
-67494
74458
-11047
92183
32769
43070
-53707
-29932
-98126
-86048
-17878
17318
33225
47774
-53074
77529
90155
-39056
67024
2619
-63789
7743
-69772
16564
62789
-43828
51852
57457
-47664
-2795
-49954
-2705
15114
-57766
28975
-40569
-62344
7693
11850
78797
-34918
-60187
-6372
-3224
6956
26038
-90406
-36203
22896
32337
36134
-29804
86986
47237
-37317
-80544
-81342
-38852
-38497
-41697
94821
81389
28450
-19234
59827
28727
92141
-25271
-31253
-52725
48296
76815
86575
-10071
88039
85121
6034
97212
-89267
-72248
-38870
68533
-79601
-33504
8415
70883
72711
-27068
-71892
19257
-13955
-34124
-66435
42651
-98776
21465
81038
-7029
93845
-91366
82292
-65880
85035
79193
11054
63965
-29645
-21965
-11048
-82906
52077
-43722
6807
-27030
29493
-45834
-24147
-99617
90851
24794
50602
-60657
1488
99733
-89150
-30328
-65091
-59431
99652
13891
-23517
86502
-2825
-29822
69503
-23365
-64287
84677
33158
-79412
14711
-86048
-64040
15458
-57563
-20907
41531
67900
-98639
-83215
-21618
-44074
-13037
-38994
83508
-23721
68850
67134
74184
-41344
30886
-10276
-75784
5671
25818
8491
-64342
-48543
72934
-20252
-17101
47069
5475
876
14648
-37526
21064
-92384
78911
73673
36489
-30872
53728
43030
26239
-89359
-42720
33765
7329
93889
-47157
-39204
-33939
45378
53465
43146
-77384
-24731
-7102
39008
-48450
-16853
19385
-61636
-64009
-15613
-45891
52721
82975
96011
10414
-30830
81085
4899
-58015
45378
-85416
57108
16193
30394
86815
60085
-3986
-24142
59585
19736
-80619
53206
-29157
-13253
45831
-63967
50231
-21523
57159
-80181
-16044
-62260
-58640
-47584
-55681
1275
-97671
32222
98725
-65554
-43210
-64806
-65556
43849
-4512
-2062
81140
65448
23016
-70156
71936
9385
56361
-34652
-25545
-24513
-57483
-88815
5888
-4520
-41950
-31936
14083
-76502
-50752
71678
-36339
33939
-79292
80001
55286
-9524
-28771
1482
15473
82185
93049
-30352
34492
3448
17907
-14402
82751
66887
-78712
-76594
26302
-63495
22855
-47935
-44530
84037
8899
-58794
-4414
10323
-54907
-90154
6012
-60018
-32000
-71094
-83217
85293
-94184
-16320
-70955
86199
-80862
32247
-90781
22584
45454
27672
37085
-4949
-36066
-25532
-81634
81081
-4199
-96209
-42364
-31735
-54467
71749
37790
35949
-99194
-58581
-10267
-82728
-4723
-81484
-82422
-31768
53439
29682
-79364
94601
23821
93325
-23203
-57156
22654
-96333
-36286
97298
-52970
-51544
-32645
21041
96253
-29396
-97443
79132
-49475
-82220
-86560
-87772
-42127
37269
2087
86651
-5556
-49276
-56114
14276
10106
-66372
4208
12654
-91722
-73503
-86700
55711
18134
-55681
-87840
79619
-10988
42373
7546
46297
-32121
-63625
40915
-45970
-19764
41125
33808
-90566
-7337
52084
-31523
-3211
56813
-37009
57595
-73602
6192
88517
-53195
19764
1756
49224
-86476
-31140
-41752
-47160
12253
-56030
-98826
50346
-6217
-24819
-36903
-22856
86299
89246
-40173
-90241
56671
-13507
28879
-46736
21372
-37080
-19936
32468
43659
40284
-82684
8628
99868
-92659
20050
21060
88526
-59948
69984
-68666
-77934
41892
10103
34156
-12939
65263
-70501
-76450
96078
4509
-66366
-33827
-58516
-93271
-23640
32274
-39587
81092
-50051
-70385
-30983
10677
22009
29677
-38137
28584
-57274
-12550
-80548
-75240
6807
-5051
-91010
-7584
85246
-97343
38883
-6346
-94998
14264
41228
18079
-74974
-28394
61527
38314
-6020
52657
-86031
-81248
-95994
-67175
45380
24463
-69364
45376
55427
-48762
-24119
-51056
45718
41450
82894
55949
45026
31092
79201
62741
-26021
-32187
-24578
-27598
-49700
44434
38353
30418
-30019
-88243
-16237
81622
93291
8769
-99326
-32326
-74783
-93162
-22975
43381
-34945
-75439
-78739
76985
35271
-21581
78448
-70029
33150
94260
44700
-59141
8268
91142
-26809
-91833
-58372
13590
90690
79765
49571
81288
78123
-11807
14181
38472
1131
-55516
-77456
-60920
-3903
46584
60532
-44397
98626
45150
-31630
-40583
32769
42751
73604
72572
-40878
6700
52682
95467
-4314
-56738
-20760
-24006
-9122
26233
12632
61078
-82732
49554
-3330
50118
81080
-50869
-45577
-42612
-13857
-81726
-11249
76648
2172
-70202
-11347
17941
14645
48976
16721
-80032
-4676
79944
-63457
-91931
-55989
-31167
23395
-74534
-13775
83009
-46470
-1393
65123
10696
4626
64669
779
17412
-90872
97210
11363
-66335
-38453
49982
-88940
79481
-64262
34846
-32704
49579
25998
64221
64481
-29210
71501
-37273
-43519
-18124
-74927
99341
-26027
-29049
35118
-93349
-39266
93545
-32242
-7890
57391
-68089
79445
-66855
-29747
41163
25451
35782
-39685
23874
51210
-71849
79888
-18210
-89065
63635
93119
61017
-40947
42350
62272
-69930
16633
-75122
11445
5070
-31001
24294
-60089
8172
-57577
-5392
-46551
70410
-86821
14915
-13408
17248
260
34356
-7167
-70795
-45645
92752
37756
-48604
-79433
23425
57481
16250
-36484
-8039
-45800
-46787
66275
75278
-84746
32900
78393
61207
9511
-384
-8400
85183
75314
5186
37611
-34665
-37489
-90695
95586
45222
44146
5641
-92568
-93180
-54921
38540
-44656
4543
-70947
-13296
29039
-77445
-53414
30162
-6332
-35529
-15559
77386
-97631
25661
22576
-79008
36620
64854
92994
50078
-49079
-63320
30923
78644
7918
51000
37424
-49778
-14026
29463
-47272
-95199
18126
24495
93960
55667
49550
2024
44872
76747
-29875
-40710
48122
25089
-93369
-53974
68620
72147
13336
5779
94396
-18475
-53740
54998
14690
-49845
-24371
-38796
-97639
67815
-61947
68685
-31343
29640
-72898
5103
-82356
-6352
-81341
-59829
-19818
-86752
-99917
73422
48905
73937
-77266
10621
97561
-95480
-57121
-14399
-31272
52161
-84950
54527
82014
-88005
-92188
99429
-6398
83140
26662
-34597
99984
-68848
67193
29066
-57757
59980
59438
83371
85707
54944
46062
-10108
-66058
-67206
-95202
81023
-84335
-55365
-23372
7107
-90641
80105
-65189
-8803
37210
-60274
28430
-29814
-26944
9535
-15992
8947
90165
6866
-4822
39465
83331
-68790
65757
-65191
49161
-80211
-62585
-83737
-93999
-84528
-20495
-36951
-9377
-52879
82761
-3187
-22002
35744
88698
11553
200
-20049
44651
-60630
-34181
31404
65249
35514
34977
-85534
2638
-38993
-69801
-44399
-77884
-66423
-68343
-26129
-62843
-22252
-98512
-33424
-6060
-54347
87197
98316
-66892
78675
-48410
-44009
99378
63264
-70929
-41285
54437
-88243
68573
-17819
-98529
-96347
-71275
-94263
51617
73575
-17480
55984
-49705
508
-15719
5239
-18756
-77997
-43714
41108
-71948
35787
89360
82415
46429
-68221
-53836
97521
3339
-36440
83041
49694
68853
-71729
-82835
16069
83258
68103
-17336
66082
-72513
-86940
59323
-26745
30769
8985
286
33202
61860
-98603
-74887
-8353
-70179
-44881
-66021
3156
42280
-3162
-95573
-36085
53623
-49409
50438
31467
18003
67270
-59204
20110
98379
-60855
-6651
-28875
-62673
-24415
98958
-48582
35636
1250
-70395
7920
-46121
-20717
90706
-58770
93107
99827
-60217
-99909
-9749
-67233
54744
49208
51140
7205
63427
75337
-53271
73209
-85123
-76082
-81769
-31113
-93816
-3622
-78292
-91493
-19358
16449
-9751
-24772
7522
86949
18528
-81917
-51619
35179
83906
33229
97655
85204
49212
33573
87096
53220
9747
67554
-72335
-8920
44219
-40520
55367
-47600
-20699
-82659
38341
-73206
-70763
87113
-9076
34896
1209
-84165
-40054
-91975
62676
-76797
-71413
-50580
93643
-52909
-95972
11430
25168
73568
29696
32371
-80898
-5036
-53397
-17484
75664
55938
-29109
-89070
-69435
55819
77570
91588
93810
-55446
-72571
-99791
72654
47739
4776
96371
-72588
97779
-45699
30480
48749
66497
-59954
-8039
-78566
40698
87977
17044
-36519
94266
20615
-99579
26596
-79917
26703
16625
-40016
55130
46621
5045
-92272
22836
61197
46014
78341
-72715
-58192
-79199
80723
-20247
58101
82400
-93660
-12590
77970
3129
11587
-73788
98746
12821
18190
20997
-25348
-70449
-18639
-13644
-23354
42190
1619
-17732
-24080
-11546
18093
-28254
-85317
-40784
-12898
91258
-15690
96296
47218
50684
-59685
-92100
-47611
-74732
-63901
-89740
81758
4557
48474
84352
-71314
67711
28984
46951
-57899
-18600
-74641
50780
-39102
82105
25135
-15986
46962
5808
429
-9770
71335
87441
-15513
52641
-24433
-89271
-93804
-13698
62142
75260
-70502
10016
-17909
-18862
85421
-99025
20049
-10681
-78977
-83234
79233
33295
-77506
79948
41851
38249
47458
34833
25876
-9115
-19922
11154
-51813
-53675
86064
33712
69553
60084
88629
99332
96553
26437
-63242
-97854
-36382
50386
26784
-67428
71938
-48830
66644
-90506
-22485
-31372
-39482
28655
85082
-75034
81082
81006
-28529
95551
-34310
-27858
7893
8311
65785
52583
88839
-13611
-94
-12153
76461
19096
83644
56962
46504
-6811
-39424
-4782
-62264
6274
-46385
-87110
69009
18608
19773
99551
56578
24846
87239
16468
9522
-34170
-86286
25537
-34152
46068
-26514
-13225
72758
56698
-60135
-36527
-21493
3781
54740
-607
-44433
40109
72155
24617
-5712
70210
78283
72917
16382
-20004
56132
80036
82309
-5145
94560
-68984
83834
39101
68709
-26728
92027
86365
-49306
10050
-81018
71069
9834
27167
-11827
68834
-28387
69400
97540
-18964
57733
99990
65254
-71684
2518
-65841
-95605
-48087
25372
