5860
-7869
-556
789
-7300
1153
-4625
-4459
-1896
-1464
-6580
-8076
3763
-6674
-2014
3354
-9500
-6169
-7245
610
-1852
7393
-9333
-4850
4344
-2278
-2502
-9518
-685
6161
7875
8834
-5997
-6691
-5429
8040
4798
-8037
2663
-4470
-8217
251
3036
-2717
3776
356
-6396
7728
-1679
-5050
2272
3545
7351
-3462
-7973
-4696
593
-1571
-2070
5524
-464
7063
7574
-4376
1582
-9175
2127
-2123
5752
849
5332
-9587
1247
7792
1044
-835
750
-374
8358
2728
4241
-6178
-4757
-3908
-5013
375
2312
3126
-7522
-4478
8606
-4171
3245
9243
324
-4318
5232
1799
930
4701
-8850
4264
-8064
4002
7467
5264
-975
1023
-7517
-2215
-5555
5712
-4158
-6114
7025
-4528
-4015
4740
8264
9652
-7830
-6612
7101
9623
7018
-7406
-2747
-5787
-818
-6256
-4775
-6019
-4563
997
4725
-674
-374
-67
-4768
-5131
-1819
726
1409
-6262
-8393
-4068
8765
-790
6052
-1201
7967
-4401
-616
-6392
-8118
-8341
-70
491
3573
-9802
6185
-4364
-95
7027
-8055
1448
-6047
9103
-969
7936
7746
8429
-9946
3846
-258
-2318
-7276
-5872
-473
270
5716
4761
8551
-4521
9836
-2051
-5437
-9832
2501
983
-3709
7334
-7133
-5824
497
7968
8661
-3531
5612
4908
1605
6800
-8182
-3993
8257
-4311
8629
1061
-7369
-355
-2826
3658
-1631
-4899
-3946
-7245
7068
-8177
2645
-5173
-8696
8484
3583
-2349
-9796
3475
-9180
9090
6749
-4814
8547
839
2121
3062
827
-2874
-5951
-3084
-5361
8016
2369
-2761
639
490
-3730
-1442
-6325
-214
-6492
-1017
-5455
2958
-7150
-23
-3071
6780
7356
1590
7448
5599
4322
4168
-2761
1093
-1710
-8448
306
383
3979
2950
-323
-8488
-2760
3002
-5468
-7960
-346
-5435
-9830
-5469
6144
-1284
4083
5742
1956
4143
4563
-2522
-2156
6366
-2989
-9576
-8792
-6557
9668
-665
722
-3790
344
-9111
-5304
27
1673
-1259
-3265
-5251
3411
-7705
9454
2773
9129
8655
-8902
-6535
-3496
727
3794
-7668
-397
3549
5068
-2964
-6289
-7004
4167
-5789
-7424
-3890
-1162
6860
-776
4701
-3578
8100
-8764
-3392
8062
-1513
4426
405
-4549
-6627
6306
-7811
1061
2717
6627
-62
-6440
-7563
3112
-364
-9817
1212
8064
9414
1405
-5041
9209
2985
5541
-7237
-9768
4510
-2290
8526
-4897
-5449
-5026
869
-7726
-3844
9227
3195
-8397
-8823
571
-2697
-1836
-2988
1435
8822
3278
-3910
5931
-9710
4888
1322
7670
3682
-7613
2322
529
-7282
948
5718
-4863
5930
8561
7200
-9681
-2180
-1054
-767
-4470
8536
-9303
4887
-3180
-6747
-4081
-8627
-8667
6016
-1529
-6724
1723
-1470
-4311
8071
-1600
293
170
-303
3731
-5326
4234
-3599
7935
-2050
-5342
-8688
7545
-2698
-5908
-5940
7507
-4119
1270
2785
-7217
-1270
9130
9847
-6358
2751
663
-8577
-4035
9221
7398
-8274
4947
5811
1194
8073
1541
-6585
7398
6307
2795
852
-2001
-8286
2114
-6009
-339
-9088
7513
-3794
-1313
-7627
5441
416
5413
-9951
7174
241
-5013
4942
7887
6232
-6071
2746
5402
7068
-7832
-3250
7996
1331
-2525
-1213
-9917
-711
-2424
-527
2470
-9257
9480
6387
-5125
-9295
-3297
-7538
-1292
6996
5468
-6934
-252
2
1003
8063
3411
-6874
-6757
525
-9695
1844
-442
-7234
1180
2951
-1537
4295
2393
1417
-4796
-9933
-8733
-9975
4499
-7226
5617
5861
2309
-1286
-1413
-6391
-7753
4072
230
6413
-892
8236
-2332
-7868
-8160
8729
7098
7064
4109
8777
-2781
8002
8724
3814
7859
-2162
-8347
7402
-3229
-8553
930
9912
281
-108
8611
-6288
-271
1787
-7651
-3909
2493
-3700
5538
-3146
8676
-4236
-6850
-7340
-9406
4464
-2821
7917
9583
-6806
5895
-9134
-690
861
1380
2066
7384
-7518
-3448
-8380
-2140
3915
-2244
-2737
-9424
2765
7115
-6886
13
4591
-2318
3465
-6247
4558
-5674
5595
9754
-8153
-4320
-7845
-6857
-3600
2471
413
-8849
2202
3551
-3587
2141
8196
6766
7126
-4555
8416
363
-9572
3637
-1017
8295
-5963
9384
-8172
-6704
8773
-9037
9651
2718
-6338
6303
6988
-1831
2215
1598
3579
-3430
-6263
1825
4208
4154
-5196
3880
-546
3200
-2320
4128
1315
6235
-6502
-7985
1103
760
4033
1258
1835
4792
-4977
-9176
860
2154
-8513
-5776
7490
9635
6016
-3136
-1718
-3384
-9423
385
-9802
6342
2810
-2354
6854
2653
326
-4452
1354
-5522
-9654
-9162
-5385
4706
330
9917
1932
1428
3276
1302
-608
5690
3465
4050
-2269
714
7579
-101
6656
-9280
9936
-515
4126
-3027
-4050
-7325
7152
7831
-4657
343
-4465
-6488
-1222
-4828
-7589
-3643
-3664
3708
8295
8174
-6498
-4108
-4259
-2180
-8348
-9520
3234
9472
6029
-6962
9886
7632
2963
-4315
-9007
1506
-8553
8463
-4523
8486
6812
-311
6945
-7462
-8830
5355
6381
9768
3023
273
-6683
4292
-3651
1066
2628
-9143
-6412
-4387
310
-7113
-5218
4486
-1829
-1390
-4239
-1560
-6556
-9351
7263
-2581
-9137
7435
-3885
-4043
-3938
5130
-5954
-3403
-3555
2088
502
-8461
-8180
3714
-9433
5459
-1216
8542
-6588
-7973
3976
7770
8276
9670
-8509
9698
-1609
-7915
-5622
629
1412
-8775
-8083
36
446
1741
2072
-9480
6474
-1506
3417
-9210
5610
-4085
-2646
-1572
9559
1622
6587
811
-1851
115
-190
4923
6548
-6795
102
-4430
634
332
6324
-7778
-8317
6475
-5617
2738
-5033
-7658
-19
-2598
9414
4551
-9792
7148
-8771
-5877
2033
-6546
8595
-5943
-9774
8169
6811
-3198
6035
2
7901
5981
-553
-684
5114
-9795
-769
6595
-9910
-2161
-3512
6478
-4694
1458
8507
-8844
5272
1936
-3550
1492
-5394
5176
-2321
8535
-1486
494
-2209
8371
-5417
4768
1311
4982
617
-8044
3978
9782
-5792
9477
-4617
9790
6203
6152
3904
-2395
-558
7928
-7383
-3075
-3707
-9787
-5781
-2950
5169
5702
7244
3128
-1560
-1485
-5469
-9668
-5203
2479
-7982
-159
4785
-2202
-2043
-4082
-4919
9221
3374
-1778
2440
965
-2817
-1346
6079
-9161
7619
-4149
6595
-4023
5241
-4710
8972
-5587
8544
-9034
-4165
1555
-5410
3911
-2457
-9069
3702
8008
4460
-7954
-6144
8080
3240
-1518
4732
4249
-240
-48
-2706
-7136
1381
1713
7964
-1879
-5677
-4112
-5888
8214
-7281
3678
-535
-7171
1663
9010
8678
-3246
-8654
-5157
-1377
-5405
5354
4321
-7330
8903
4122
1734
1449
-4984
-9365
6821
3616
3029
3855
4066
-3668
9999
-3576
9836
-673
8149
-217
3191
606
-3592
-1359
3774
9338
6731
-3536
-5106
265
186
-8608
7828
-11
-7119
-6253
-7786
-4983
9092
-252
9355
-4766
-5571
-7095
8729
-9339
-731
7123
553
5162
5905
5208
-8395
819
-7356
-9482
7671
6699
8338
219
2786
-5174
593
-4707
4745
3852
-2153
5339
6325
-2672
2600
-3502
-7077
326
4217
7300
-2325
1825
2415
8894
1143
-6780
-405
5727
-6968
9206
-2715
-5444
5548
-5211
-3695
638
146
-3564
-4748
1409
-6659
6797
-4944
7015
-2382
-3622
1752
7761
-6470
7843
7034
1081
5909
-3238
-1957
-4909
-936
-7193
1390
-4966
7274
-8604
-3555
-6947
-1103
7851
3529
-874
6136
-8781
4336
7469
2353
9649
21
-2546
9052
8629
-6332
-3792
8484
4465
6339
-9228
8406
-6122
4317
8940
-5798
4821
-1005
1525
3711
-8257
-7408
1998
-7859
9247
-6788
4044
9743
8697
8519
-4629
-1956
-9334
-9415
-814
8152
6547
3721
-4934
922
-7434
-8463
7769
9322
-7579
-2099
-6934
9382
-1536
4119
-386
-1771
-3791
5466
9913
-7341
3502
3073
-123
-7093
-2097
-2975
-2591
-817
-3652
-5057
-690
7374
2847
9831
4799
-639
-5398
-7828
1015
-2873
-583
9648
-2822
5804
9129
9980
-3655
-3940
4275
-3837
65
4239
-2789
-8500
-8911
-2451
344
-2371
-9266
-9284
-5893
3446
-7839
-245
-6224
-5940
994
-4167
1937
-9319
8736
1291
4742
-2540
9855
-2663
-5113
-4096
-8284
-8916
2552
-8473
8707
222
-2721
-1148
-3858
-7487
2318
-1225
-6569
-3223
-7000
-6876
6135
3366
-7536
8239
-6858
-7599
-42
978
9823
9672
5419
-632
6528
-9074
-7306
-9778
-7446
-3979
8724
-4040
1781
4302
-6703
699
7977
-6198
4430
7663
-9635
9216
-4927
-3259
5693
1458
-4423
2113
-2504
-2191
-5697
-2463
-6443
3607
-192
-4440
7166
8777
6457
-7247
-1502
9671
4815
2058
6720
-3152
1066
-9408
18
6359
-5741
-8552
-2461
4458
9857
2759
6420
1048
-2187
-7156
-6848
-4776
6150
2305
-6024
3743
1781
4044
9839
-8785
606
-7681
-9040
-9920
-6237
3944
517
9355
-4892
8096
1239
3518
5866
7081
-6676
2753
6710
-6990
-6477
9098
-6299
-5786
2214
-2680
6584
4014
-6308
1816
-1254
-1469
-8210
9501
-9624
-6874
9681
6649
-872
2220
8412
-2851
80
2012
-9293
-1460
6126
2879
-1597
9712
9860
-8443
-3015
-7135
5058
-9632
4595
8599
7719
5773
4803
6928
9215
7077
-6474
-8353
-6137
-8
-4262
4308
3987
4389
6005
9988
2432
1983
9455
8151
236
-6529
9488
-410
-1380
-3717
3655
7566
9667
-4703
-591
-3488
-5874
-4034
-9823
7177
-1232
-492
-5342
-8324
-5069
9617
1536
835
-6051
-4282
-2024
5816
-5114
-7945
-4871
6580
-2212
4097
-5751
-393
9147
924
2242
6774
8092
-3265
7919
-2047
8884
-1662
-1334
3465
-5226
6918
6719
-4338
-2311
-3369
-3135
-2116
-2859
1772
7288
-5702
1753
6302
6694
-7493
-4195
7885
-2920
-9784
2671
-4857
4043
8570
-6855
1532
8900
-7625
188
-1974
7179
5211
-4582
2613
8887
-1888
8661
-4575
3409
-7791
-7119
9840
-5275
1498
-1100
-100
-7516
2254
-5869
6454
912
-5390
-1737
-3829
8922
-4124
5059
-5400
-3306
-3375
8400
6756
-5525
2180
-5802
-3705
-9476
-2801
1155
6618
-7517
174
-6942
3549
2138
-2053
1657
-8553
-1979
-1138
422
8197
-6191
-1697
9826
803
9506
7347
2522
2637
7923
5732
-4929
6037
-3334
40
-2091
-9051
5706
-6400
-751
-8581
2868
-232
9568
7314
-636
-4842
-6808
5180
-7536
-3578
7862
8228
-7195
-3375
-3348
-2401
-1839
3467
-6919
-7305
-8240
-4216
-93
3012
6428
1857
2806
-9861
-1984
9241
-8663
3800
2641
8669
9687
-9141
-359
260
5999
-3697
3362
4675
-3556
-9094
6544
-6857
-7942
-1171
3482
8406
-4274
1605
2988
1432
1573
-2754
7507
-8109
1300
7723
-6524
1308
-3817
7814
6214
7338
-9334
-4189
6309
-9673
-684
-6509
-3311
3246
-8515
-5496
927
1218
7808
8733
-5877
5977
-2803
-3766
-700
8932
-2651
-1008
-2212
3731
4534
680
7475
-9343
3070
-6740
-4391
-400
-803
-3969
-5054
-9631
-6202
6780
-8543
-6683
-1467
-8458
7651
1950
6265
1605
-3604
-3477
-2307
-5019
-4416
-5977
-5913
-4097
6610
-7752
4127
-8824
8728
-8591
-7653
-7912
2181
6383
7911
-8916
-8282
-2113
-5171
-3830
9956
9554
-2809
6675
7608
-2630
4081
827
8856
-6515
5452
-3638
9981
-4095
-7558
-6124
501
63
9052
-8148
-6950
-4999
4684
240
-3647
745
6809
-2347
-6581
-7354
8354
-4670
8412
396
8967
7596
-6179
-6253
-4497
-1510
-3672
5652
5632
-5154
7885
1650
4643
6800
8439
3892
-1075
6607
405
1503
-2514
6000
-2158
-9371
612
-68
-7024
-855
8813
9478
9187
9783
-845
-7100
-8698
4160
-9764
7245
-7391
327
226
509
3531
-9540
6212
-6546
4592
-2195
-8
-9446
1706
-9455
8408
-3914
-7222
-8929
-3583
2036
-8005
-1500
-3657
5414
1021
-3628
6565
-7458
9575
3670
9999
-2857
3011
6896
9079
7943
6625
-6980
687
-6132
3093
-6988
-956
-3223
-7407
2947
7434
2927
-4864
8961
8421
-5179
5805
-6886
-1564
9687
3964
7559
3318
-613
3077
8664
-8169
2266
7425
6553
4301
3419
9355
-6379
-7995
-6458
7400
1092
-4233
2964
-2632
-1438
7142
1599
-9191
-7537
-642
-4546
615
5055
7154
-7
-1852
-7426
6778
-3277
1177
-2746
-8320
-6071
1184
-3192
2527
9027
1624
9830
-3523
-7127
6845
3067
4088
3625
5256
-1200
-3413
7649
2475
9494
5068
8154
-1649
-7579
311
9453
623
-1394
-6158
-6707
5141
6611
-2427
-1603
-5288
-1884
2157
3890
-5376
3899
-7876
-2145
7199
-3071
5829
-5239
-7667
-9484
-4443
951
2781
-4324
7969
3496
-786
-3855
-358
-5517
-4118
5146
-3620
-2486
-2208
400
2387
1788
7386
6142
5170
283
9247
-7304
1707
-1342
-1908
5496
2293
4863
-3708
7698
317
-9923
-4858
-6482
-6242
-6144
-3326
2496
-6480
2104
-9773
1325
3904
4877
-4829
4851
9645
7338
8665
3893
998
8043
-2290
-5324
-120
-4860
4208
-8307
-31
671
5904
7513
-4324
-283
-2891
5229
9720
-9408
-7646
-1686
7887
9422
-2565
1773
-2312
-2312
-1463
8157
-4668
915
7912
2454
5020
711
9515
-6685
8764
-6894
7963
-9318
-7897
-9102
-1265
-8837
5755
3077
-379
-8994
3077
1990
-3572
-2882
-8297
1430
8206
-533
542
7873
-8828
3583
7147
2512
2535
-2148
-1585
-1253
9885
1898
3164
-314
1131
-4098
-9514
158
9650
3842
7167
3251
-280
8749
-4882
7705
-8266
-8591
-8419
1215
-3507
3729
-7752
-6380
8860
6289
6345
9035
5388
1329
1421
-7251
1240
-3711
-317
239
6846
3090
7723
6592
4488
7150
7166
-7875
3451
-8177
-7829
8794
7729
7269
9016
-9289
-4002
-6458
5224
8203
-7901
-7047
-9126
7
-1946
-9701
5817
7314
-6530
-2881
-1898
6314
6625
6024
5177
3543
6590
6530
-8366
-3824
-4239
-4812
5065
8320
-7814
8886
-6626
-6348
2062
-1274
-2601
-5711
-8599
6724
-1595
1864
327
8748
2026
2564
1120
8825
-6967
9069
7573
3476
-5500
-6972
5128
-5941
9918
418
4852
1362
7757
664
257
3255
371
3995
-9155
-2317
7591
-8200
3729
-7947
8613
9076
5384
4833
-8168
-9361
5903
7598
-2429
-1326
-4855
3254
-7559
-5395
373
-1671
6387
8830
-1056
-9640
7953
3990
8462
-3887
-9635
3328
-2706
-1885
-1467
8100
-3667
5298
-924
2204
3889
772
741
-4732
4676
2289
7605
540
6229
-8735
-8325
6472
-8166
5243
-5948
384
9521
-502
1442
1266
-4949
-9062
-1029
-2332
-4200
4474
-5484
7965
-7174
854
-5415
5916
-621
-8697
9334
6679
-357
4198
-5245
-8630
59
7147
3056
-925
-8304
5276
-3565
-1451
8955
-4801
-4899
-6823
-8361
8146
-9003
-3433
-8996
-5237
-5672
-7124
-6379
500
7049
-7476
-6413
149
2100
-1441
7820
-3174
-7342
-7982
325
6060
6026
-1712
-184
3384
543
2948
8756
716
7998
-2423
7587
3329
3070
563
-7817
-3898
9939
-3430
2195
-572
253
-4489
-7786
6843
-330
-4760
3450
-6287
5448
-2102
9333
-6922
5433
6730
-2626
-3910
-2637
-1682
7521
2059
-932
9442
7697
-8920
-3286
-4010
567
5286
6437
516
427
-8658
1257
8987
-2188
9001
-3977
8372
-6799
9548
6518
-76
-4132
-6396
-6090
-9232
-6813
-3835
9899
-6008
-7681
6813
-8094
-3723
284
2084
937
4566
-3720
7847
9696
282
537
-7636
3674
-6895
6003
5839
9039
1316
443
-9842
-6806
-9885
-6699
5868
7097
-9918
-2526
4546
-9570
430
-7367
9958
-2584
5490
-4391
-4072
-808
8804
-3824
-1321
-9507
6238
967
-4624
2475
5690
-2727
2593
5660
-3092
-4713
-8042
2657
-3826
7528
5286
9045
-4724
1282
6881
-830
7454
154
1417
-4529
-1650
-4364
6894
-23
3101
-5123
-3635
3886
5424
4650
-1678
8961
-16
1120
-4480
8087
6904
4216
-62
-882
-1648
9952
2560
-2760
-4646
3652
-6212
9378
4004
6013
3528
3580
-2962
-8695
2965
309
-6572
-2978
7461
-6068
-2721
5271
5778
-2253
-7526
4363
-8130
7486
7658
-7286
5219
8584
-2601
6137
9730
-8556
3749
6772
-3577
-3656
-2561
-6548
-5705
6018
-8604
9038
8484
6393
6387
208
-5247
-6892
-7913
8841
-7701
1755
1921
-2699
93
-7928
-7133
-7839
5778
-5104
5256
-459
3274
2489
-4439
-4360
9181
9589
7109
-6137
-3498
-9264
7020
-4852
-3179
-7899
5457
-372
-4313
8276
5439
3128
-5147
-7111
-4328
-4838
-5971
5344
8528
3356
6715
3179
9557
5692
4892
-5973
1494
95
9500
7347
6542
1310
8423
9981
4155
7548
3749
6349
-4954
376
2161
3884
-7512
612
-2280
7876
-2367
-3691
-9771
-8509
-9675
7669
1715
9932
4471
-1239
-942
-7424
-3869
9226
9258
35
-6673
-2737
-203
-1291
-1306
3910
-6360
-9507
-6806
2747
1082
2646
9181
1403
3519
-7701
8349
-8913
-9321
-7925
-7112
2955
-2300
4414
-103
-1064
4617
-876
9434
-407
-1780
5084
4204
3095
-4988
9582
-4018
-2416
-1049
-6652
-4602
-9478
46
2373
8712
-619
827
3074
4241
-4044
2698
-1553
3360
1777
-5479
-1030
-7207
7466
-7402
-7312
-2200
-600
5916
6891
5418
-7853
-3268
-8686
-1738
8176
7158
-9879
-2703
796
-2170
1476
4830
7609
-6075
-9080
2329
-5868
896
94
-2254
1861
-7401
8373
-8485
-1020
104
3110
-5495
-9068
2213
2498
-2183
5825
-2003
-7505
5206
-7619
5275
-9830
-217
8704
-4003
8630
3078
9732
3203
3964
982
4430
8223
1355
3517
1242
-7830
5023
891
3318
6249
-309
-6791
69
-1708
2913
9926
3707
1999
5928
2463
1409
6894
8488
9837
-6350
-6734
8414
-4562
-2171
-6208
-6837
8172
4450
3646
7911
2023
-5035
-8858
6187
-7560
-848
-9838
-3987
5180
9293
5632
-6931
3242
4711
9184
5763
3140
-3076
2955
1494
-9339
9474
7403
7165
-8632
-2353
2067
-5141
-5
-3488
-9608
-314
-9016
-9346
-9088
-4200
5872
1024
-4819
-5752
-9691
2834
6381
5805
-6811
9186
-9373
-6550
1771
-9714
-7167
-5604
-9388
2876
4333
8124
-3285
-6879
8104
-925
-4300
-2784
-4104
4942
4825
116
-2386
470
8726
4884
-374
-3082
4785
6005
-7205
-9711
4019
-5531
-8876
6468
-8415
2967
-8690
9526
-8158
9975
8016
-1707
-227
-1946
-4056
1294
-5281
-4443
-5270
-6059
6067
-4910
1673
7729
-4854
-4315
8916
-1137
-6510
3182
752
7776
7541
3067
-7399
3185
6589
2067
-8363
-2785
84
5812
-7188
-2324
-1860
-9319
519
-1038
-8792
-5908
-1823
2697
2399
-8734
1027
6483
-3378
-9671
4437
-1488
-3938
8736
-2979
-2602
4878
-4050
-940
8257
6338
2533
-5728
-2440
-6468
-8234
-7242
-2264
6358
-3731
1179
-3619
-2932
4387
6358
3759
5849
-2561
-4121
-3696
-6642
-9174
5792
-3771
279
4367
9624
-8986
-9829
-1897
-3828
-9542
-2046
-4318
-1252
-1164
1165
-9934
2171
6724
-6122
7900
6010
9336
-200
-495
-2938
-5555
4764
247
9508
-7096
3741
162
-4482
-2573
-547
-8718
6978
6477
-2280
5840
7127
-7464
-4385
6834
-9978
-511
3572
-3155
-1484
-7923
3546
-7287
502
-9460
-1319
-3531
6386
9092
-4471
-7898
-1906
920
-8434
-2120
5091
7537
-3730
3617
9316
-7817
-8110
-9393
824
-2641
-9462
-4974
-5913
7994
8477
-5677
-1268
4936
470
-8919
-8947
-6154
-5710
-211
-8004
-2440
8179
8275
8776
6710
-1736
-8662
2704
7536
-9688
-7948
-7731
-7038
8618
571
-4438
-9097
8329
3219
3576
5932
-283
-182
4484
-5498
-4689
9513
-9770
3785
1407
-4391
1891
-5789
-477
-6798
489
-3655
-7739
-2177
7813
5856
-2785
2096
7986
-1645
4602
6789
-2572
2564
6190
6073
9862
5878
-3926
1768
8586
-2222
1907
-5846
-1485
7064
-6553
-9982
4793
-662
367
-5652
1596
6384
-555
-2046
-3808
-7426
3793
1845
-1070
-419
-6289
751
3096
9914
-4674
-8613
9721
-5428
5632
-4336
-6029
115
-9736
2717
-7738
9493
-5691
-8755
7282
4430
-9148
-1062
-3239
-1661
7312
8853
7332
9746
-4324
9231
3469
9304
-3505
-5303
-3504
-4535
-476
2387
4684
6103
2865
-6958
4144
30
-3869
-650
-6367
5908
-5803
8146
3205
-6411
6327
-801
7622
-7707
5409
-8657
2289
7021
-4139
-8105
3556
3194
-2703
7685
8281
-1639
4012
9281
1860
1584
-3916
-7580
-530
2977
-6835
4505
-8289
7389
-3649
8740
2583
-9499
8674
-7864
9128
7133
7753
-990
-1455
2709
7820
2276
-4227
7673
1407
7307
-3584
-4025
-9760
-4317
-3810
-5099
2434
112
-8972
-7184
-323
4297
-6387
2578
7966
-9712
9526
-6077
183
-8525
-701
-8190
8359
-1995
-1355
817
-4627
9358
-3756
-9206
-1493
-3759
-8437
3949
6743
5632
-522
6696
7480
8716
7241
-4168
-1703
6796
6511
6477
3086
-8998
292
8088
3883
-7721
-5993
-229
-3860
5002
4242
-917
-6249
-7575
-8574
6250
1039
-9888
-7121
-7262
-6625
4493
-5283
-696
8363
3131
9614
9314
-1989
5486
2334
-1025
6958
-5750
5239
475
-846
1725
8
-6646
7289
806
-8632
-607
7540
-2202
-5299
-1118
8173
1961
3063
1377
2903
2736
-8120
47
9342
-5706
4869
894
5573
101
4899
3174
2166
6988
-4442
9907
-8987
-1438
-8803
4930
4328
-3832
-700
5352
9309
8916
-4285
3636
1236
-913
-9420
-7621
-9605
-9855
1923
1370
9961
4992
4164
-8203
-1342
2880
-8231
-1224
-4626
4142
9593
-1886
5705
-1509
-6865
8978
5724
6889
-4426
8301
-6934
1644
6564
5170
2146
4722
47
-1025
-5127
9099
3185
184
-4249
-736
-1056
653
5646
6196
-6256
-8823
5229
-6270
-1060
6584
-6287
1598
6261
-8266
1938
9550
-419
3426
-4106
6611
9471
868
-8879
9180
-3395
3723
7355
-4435
-5004
684
-5854
912
-3659
9353
-768
-7263
9049
-7418
9978
-709
-5503
-5508
6236
9893
-7239
1370
-1376
-4944
-5477
-6800
-6183
-5170
-576
5579
7839
1060
-8009
3574
-3336
8021
4956
-6827
-6879
7611
-4800
9038
-2309
9445
-9195
5035
7187
1974
-6973
9053
-3056
-5859
-4982
8316
-6680
-3058
-9942
5148
7460
-8166
5954
1736
-7074
-551
3287
756
2707
-1207
-3554
-974
4065
7981
-1707
8877
10000
-6309
4444
3998
465
2805
1268
-9678
-3163
2545
-1453
-5451
-8280
4983
5651
-36
6129
2121
7838
8483
-1118
9834
-5042
-3550
-1391
1767
-8221
7432
-8962
-8500
-651
-5034
-7472
-6037
-2328
244
-5665
-7286
-5086
-1981
7634
-4500
9420
7617
-3241
-9233
-8543
-5545
9673
5056
-6932
2844
-3633
-7173
4182
-516
6098
2875
-7449
-4749
-793
-4639
5181
-1476
8025
-616
5938
5293
-2406
8053
-8381
259
1309
-7970
-2351
8961
9455
1523
7429
-4969
6092
-9621
7375
-2000
-6367
9644
-6289
-3157
7842
4339
9853
-5740
3470
7124
-2690
-3604
-8743
6164
5414
7761
731
-7811
-456
6789
7894
8460
2313
-484
2630
93
-5474
460
-5717
-3439
-5070
-6876
-6395
3334
-10
-5119
-7987
5046
-5543
7167
5598
5019
-4026
250
-5590
3776
-2753
-2357
-8831
-1999
8715
-1088
-5889
486
-1963
-4755
-4693
1762
-5877
6214
7481
5046
912
-6090
7695
968
-1967
-2172
-7647
6104
6260
8570
5428
9518
-5006
2998
-8008
-2747
-8679
-994
-7953
2781
9622
-9170
2141
1288
5111
4333
2624
849
-4523
-5661
8408
-9980
-3728
-611
7139
5765
-6583
6633
53
-3137
-9422
5798
5783
-1710
3828
6025
-296
9178
-3588
6479
5187
4884
-9315
3388
3465
-9551
-8140
3730
3289
-4655
5301
1506
7944
-9016
-7094
6736
2192
932
-20
8783
4743
4012
-4260
8638
1661
2891
-80
4003
-3392
-3011
5040
-5371
-2181
-1698
-5728
6800
8392
-9291
1122
4805
-6532
3884
-4713
-8949
-4683
1614
-4151
-4890
9633
-9366
5395
-9664
-3278
-4142
6594
4750
925
-1646
-9891
-6551
1021
-9233
-7979
-6548
7570
3436
8771
-8515
-4755
-5292
-4653
-9027
-9890
-6579
-7506
4453
5651
-8679
-6994
1580
1807
-2608
9686
-1005
2468
1066
-547
2399
2605
-3127
-2932
-3487
9643
-3098
-2943
-7938
-3751
-4140
-473
-7997
7043
2831
6583
1665
-4218
4086
4569
640
2355
9289
5884
-9212
-1521
-1446
-6961
4505
-8226
-1393
7681
434
-6211
2498
-2644
3449
1007
-2574
9927
5215
1042
1967
5185
4439
6763
-1669
4391
5368
4047
1908
5357
837
9612
-9589
1515
8906
-7567
8065
2002
1480
1061
3372
3460
-300
-4022
-5194
5832
521
-145
7175
-498
1645
-1522
6282
8992
-430
9800
-4344
9696
3712
-1091
8168
9821
148
6715
-1315
6984
-5527
1507
5029
7798
4293
-1839
-8984
2244
5757
-9790
2787
-5191
-873
-5901
-3678
-3278
1429
-236
-9996
-465
-1020
-2845
2777
5718
-1810
7306
-4864
-3318
1509
-4033
-1634
878
-5338
1430
-209
2339
-2834
-9639
3707
-8862
1677
-9289
7658
5665
2492
5430
-2882
7750
7907
-905
9290
5244
3232
5689
-446
4855
6851
8110
9521
1865
-8041
4582
5011
-9765
-2699
7234
6581
2330
1526
-3406
5263
6133
5662
-1092
6766
3056
492
-5058
9793
-4468
-8576
-8346
-6086
3084
4169
-3226
4927
-2099
-8809
2785
6646
-527
2437
539
-5523
-7513
7788
-4078
-3606
-8658
2991
-6735
-3506
1035
6898
5849
-8348
9357
431
8012
2297
-4777
2753
-5755
1060
-1605
8196
-6110
6942
3390
306
-3581
8094
-5979
-5530
3989
-3210
8580
1821
-5487
7411
-4926
-7453
-7246
-5150
2645
-4466
3613
2101
-7668
-5645
8356
-1618
4225
-2703
-9167
9748
17
3096
-3862
9157
189
-9492
-5947
9438
1995
7081
1349
-278
-4417
-4839
4024
-7660
6441
-1098
730
7816
-8381
-4257
4370
-5400
9657
3022
2099
-1154
6111
-1494
-1371
2762
-4321
4961
1917
8446
5069
4062
-5857
4741
-4906
-4261
-3410
732
-339
-4581
-5166
-9025
8772
-7194
5225
924
-7268
-2107
4303
-4953
6322
-8092
-3791
4604
7412
-896
9867
1092
6900
5507
9655
-447
-9051
-295
-8015
-9905
-7874
-5963
2092
-1881
1316
-2772
447
-1351
6543
-9061
7840
6828
7322
6848
3499
-1017
-2455
-3112
-9714
-3342
-5497
4048
8989
5807
-6445
-9625
-7440
7099
7457
9551
-2573
-8252
-6791
1365
9811
5973
4491
6836
9987
-1601
-6957
-6719
-2976
6026
6371
-4479
-5418
-4675
-180
1225
-6240
-5661
-4051
6194
3536
1919
9652
-3984
-9394
7687
4357
773
9255
-248
-4535
6866
-3554
-5950
-3680
-2432
-4747
1014
-8134
2686
-7585
1701
-2103
-7278
9625
-9667
4135
2895
2146
-1686
-5227
-9398
2941
5792
3744
-8020
5185
5366
4205
5124
-7066
5814
8565
2970
3242
-9024
6111
-1400
27
-8639
-4994
2817
5985
-8717
-5150
5318
-6666
-5695
3625
4562
-2238
3846
4311
-5448
2357
-3488
-2055
-2426
5265
-8024
-1018
6711
-7140
-2272
-3071
6093
-8288
-2673
7002
8258
-7323
-9373
-1043
7192
-7355
-8775
3796
-8014
-8305
3744
-7347
7901
5568
-7508
6298
-9276
-9502
4215
-8860
-2114
430
-7556
4998
-3880
-2237
5216
9382
-2102
1601
4549
-5259
-3757
2062
-7758
1706
8624
-3122
-367
8372
7349
-9627
9037
2721
-9592
7173
1058
5318
-6319
6997
-5596
-1971
9573
7774
-9459
2335
-9894
2466
-1285
1141
-8592
-881
-5864
-8424
-2884
664
-8043
2242
186
-8845
3129
1625
-6105
8925
-6507
-3704
615
-2530
6520
-5972
-5128
5229
-4097
-7849
-1295
2431
6574
-654
-7232
-6363
734
-9449
3745
-859
6706
832
-7536
7431
-5298
514
7366
6137
-8973
3883
2460
-8599
-1179
298
5479
-1752
927
-6253
-6108
9204
-6077
-2381
5587
6216
-8756
5248
-9152
4041
-4088
-7474
6929
-3894
9063
7995
4149
907
-651
-1992
1454
194
-7655
-2049
-5250
1631
8265
-7412
-7256
-2960
-8736
-1175
-7826
-9792
2227
3478
-4258
-3282
-5238
-1976
-3108
-7333
3298
-6764
5643
-123
6347
7432
9633
2638
-5360
7378
-6742
-9324
-3343
-7514
422
-4212
-79
3586
-9947
9249
-5371
7364
6382
-49
9150
275
7501
-5737
-5314
4900
-8579
-4223
-4445
9738
-8016
-8778
4799
1408
-9648
7654
-5635
5658
5622
-1608
-2621
8540
-3020
6813
9150
4948
-6358
6257
-8959
-9351
-2556
-9764
7152
-3125
4353
-7326
-59
1040
-5899
-6012
-4554
-2558
-5952
-4648
-5427
5462
9677
6078
-3330
5769
-6465
1844
3042
8023
-2846
976
2051
-3173
3075
5966
-9654
1426
8079
-7840
-5850
-1214
2712
-9809
-8231
324
7654
9357
6057
6567
9230
6932
9737
7928
2901
6545
5313
-2728
-9547
-9363
-5582
-5199
4668
5232
4020
-8840
7194
-4375
-965
-4046
2840
-556
-2090
-3977
2199
-3013
9956
-6538
4852
-1391
-344
4831
-7257
6232
3232
7714
-3050
4100
-7072
7484
-9060
-5852
-4238
7419
1759
7137
4116
-213
-8457
-1177
9841
2469
178
-6618
9471
8988
-2757
4686
-5208
-9461
1248
-1235
-9054
-8118
2325
3974
3224
-3965
8022
6682
-7043
1796
-4299
-6262
-3781
-9396
3775
-1872
-9120
-3471
-9172
-3837
1701
4738
7178
-1524
-368
8217
4839
-2022
-3556
-4175
5244
916
-7735
-785
-3310
-4142
1344
1357
656
-154
1672
-609
15
-1992
-9861
7044
7067
1477
5084
911
-9376
7031
-5000
-2051
1878
-5040
-4263
4603
6360
7787
-6110
-6016
-2689
-7120
7972
-6926
-9527
-9741
-9782
7966
4733
-6210
-1606
-5231
3058
7375
-4951
-5571
6307
7515
4882
-3556
-2229
-2139
-4228
-2951
-4408
1937
9716
-6510
2865
8837
-5775
1106
6087
-4442
-9945
706
-8073
-1217
1047
5377
9711
6852
5833
3517
4625
-7284
6020
-4105
153
-7997
3409
391
4618
-1081
173
-4078
-533
9469
3034
8991
-1701
5880
1729
-2971
-2649
8991
-7297
3221
-4053
-8730
-1562
6100
-1731
-4984
-1729
-2890
6822
7787
-5099
-6840
-5389
4018
-4100
8802
9009
-8084
9509
-245
229
8072
-546
441
-5982
-8692
5961
2423
-3231
340
4071
-503
2298
-1691
-8478
-5304
-709
-6262
596
7147
-2902
-2946
6052
-2744
3846
-6790
-382
-5341
-4603
-2777
646
5970
5521
2601
716
9601
-3018
3861
3618
8261
2378
6170
4519
-9688
6294
-6391
4537
1965
5691
9752
-6427
-434
-5768
9484
4389
-8095
8638
8554
5669
8118
5826
-3801
4085
-8271
-3042
8374
8550
1770
4009
-5944
-1274
666
2511
7132
1781
7608
3591
-4882
-6819
7331
-4161
-9548
-5982
3368
-7951
-5833
-955
-4740
-590
-3155
-5342
8440
-2080
-2269
-5037
-9262
-4525
1198
1998
-3570
-3321
-6427
9931
-9847
-1537
7617
7650
-7489
2067
5485
3802
-2824
3222
8749
-7061
7619
-5476
4420
-7758
2089
-568
721
6373
-9231
-1298
-3975
-3273
3083
-5863
1613
-1766
-9851
4776
3167
-6902
-8395
6408
-9121
-9195
9243
9090
5241
1487
9360
5206
5426
-6038
4214
-9
-1626
-570
-4419
1449
-9895
3635
-5683
1359
7140
2268
-3561
-2607
1839
-6519
7738
-1234
-3334
-5186
-7839
-6978
4362
-4186
-1863
642
4477
8388
-4239
-7987
-6448
3656
-4616
-5120
-2521
-9601
-2650
-4344
-5469
7551
-5932
8056
-4223
-9178
6325
-5624
3093
8211
-72
-9654
-5556
9921
-1889
288
8176
-3351
675
8162
3685
4804
-2301
-5686
2293
3782
-1478
-1634
-5099
-6158
6103
-4832
-6188
6958
-2765
-3472
-3691
7808
4531
-4419
-7734
-7451
7544
9922
-4280
9750
6096
-4965
-527
-4369
-3782
-747
2131
-5407
6533
2862
-8482
806
2571
-6047
-8318
-3381
-8985
-6374
1259
-3302
9540
-711
-5620
-5893
-8099
3487
-3558
8131
-7995
-8765
-2557
-5087
9469
3351
9801
-5594
9604
-2325
-1728
-8499
-5984
1490
2088
-8035
8362
4439
-9573
-4444
-1231
-161
-9547
-9680
-8613
1626
-3338
6279
-3541
1889
-9044
-4943
6907
-4051
-825
-3377
400
-6884
6099
-1594
9725
-1670
4209
-5477
2057
-9341
8045
9119
5415
-4964
-5066
-173
-4138
-5691
3772
-3366
-4344
5865
-5674
-2690
-5078
-8109
-4033
-7811
9533
2536
7961
-1708
-2350
-5392
4159
-1144
2669
-2043
3365
-5819
297
2698
8447
3957
-279
-4768
1169
-6174
2111
873
-3104
-6050
1104
9331
-8143
-6377
-9715
-3868
6588
4293
5863
5097
-6308
5354
5028
-7095
-429
-1725
3379
-2949
1009
6447
4799
-3348
2000
-7334
-8127
6554
-1171
6404
4941
8807
557
3934
2251
-8091
4139
-4261
-6708
3678
2807
1108
9703
-7664
701
-474
-9298
-5585
3398
9185
-4686
4291
-9749
5499
-6784
4510
-5845
-4936
-7784
8756
8225
-5346
-6896
8212
-6106
3809
4101
5328
6679
-6559
-4853
-957
3431
2546
9490
-431
1087
2684
-2968
-8195
1657
-3600
-5514
-9763
-2429
4074
-377
8154
408
-3117
-1845
-9536
4295
-2576
4507
7748
6019
-8152
-7793
-5323
5882
-1578
1538
-7329
-1888
-5277
-6478
-866
-7196
-8096
-3835
-8040
-2163
-7645
3158
8268
7019
-3826
7616
1605
4385
230
6764
3027
-5217
7776
-5366
8009
-5732
2931
-5578
7934
-1053
-4460
5366
740
-3645
-9867
-1150
-6342
-512
-4526
-1122
-3402
-9536
-1175
5002
-2323
1759
-8655
-396
4285
-2156
-8577
5539
6827
4586
83
3718
-1671
-3957
5496
9104
-5271
-8534
-2952
-1524
4842
1044
1955
9420
-4233
3210
9741
-216
861
4084
-5895
-4153
-8071
5714
7979
-7522
8514
9796
-7822
6375
-77
-2777
1299
-4099
4310
9112
-5161
5230
-6230
3681
7787
2057
-5384
4226
385
6471
2005
7816
-4980
-2357
-1832
3381
7806
2439
8626
6973
-474
-506
678
8197
4792
7323
1110
2447
1750
5574
514
4971
-321
-5365
5581
-1454
7984
9467
3639
4645
-6434
-9172
-8162
-8325
2091
-8882
-9800
3253
4023
-7364
-6495
5438
-663
3643
-4662
2707
9054
9227
-8290
-806
-7049
7191
9849
-7997
-3472
1665
-8700
-3136
2818
6494
7246
7896
7516
-3717
-4477
-6583
9065
1429
5603
4873
7685
-1460
4133
-4792
-3959
4566
7878
8146
5274
-7456
-7250
6079
-4291
3910
-6661
-6659
9225
6061
-7539
1695
-8539
3741
8736
-1678
5412
5430
-9810
4100
7306
-1634
-3176
-1730
-2790
-765
-7130
-7065
-9960
-7165
-2373
-3437
-3301
833
-3057
7366
-3197
-4079
-4112
3801
-5543
-5883
1879
7335
8140
6243
-1392
-1973
9796
9848
-6066
-8680
-1393
-3447
3416
4397
1792
4129
8863
-1713
-4996
195
-8319
-3283
4844
-6823
3837
9800
204
7080
9874
650
-1806
5799
355
9648
-5516
2736
3766
4096
3944
5726
-2781
5060
-8158
166
-8582
-677
1768
8170
-8970
1065
-868
4970
-8590
-9784
4972
-7908
5958
1353
6432
-7957
9974
-1636
7867
-3519
-119
-2953
7327
1696
2025
-9516
-6540
-6625
-2765
-3085
-581
5202
-6302
440
512
-4707
187
-7462
-3876
-7583
-2702
813
5012
-5586
-2678
108
883
6630
-2454
-3632
-4521
1530
-4893
-263
-7454
9719
8439
6675
-7447
-2054
-5823
4020
-8703
3725
-3244
9311
119
1501
3961
9546
-6375
-4402
-5531
3149
-984
-531
-3758
4384
4870
-629
8930
1868
-7224
-4056
-8571
-535
8654
-6614
-6467
1122
-9461
4680
8587
5638
-289
8945
-7520
-2583
617
-4074
-702
-1341
-2212
8407
-7971
6048
6604
-6983
-2873
1289
5195
9878
-2182
8097
4515
7781
-7231
-5121
8796
-1329
-9355
-7958
-3927
3848
-375
-7761
-3129
451
-8316
-1844
-9925
-5148
4049
-3993
3386
31
-2324
9553
1440
6274
2584
-4655
1400
-5050
-5508
-3302
8916
7584
405
-9070
-4977
5911
-5521
485
9765
-2842
-3068
-8657
-1674
-3921
157
5929
-3972
-9380
-2288
-7732
-2644
-7086
-4823
-4475
8256
-8579
-782
5885
-809
3258
-8741
-5296
5551
-213
-3045
-3447
6071
4866
9001
1905
-5665
3040
6450
6631
4470
4495
1701
-3221
-909
4456
-6863
-2711
-6559
2995
-7998
-955
-77
324
-9650
-1551
6075
-2529
-3605
-8518
7163
-1815
8052
-3816
-7759
-4728
-8265
-1835
1999
8696
-3738
8502
-7391
4841
-5745
-6745
-7587
1233
1240
-6385
-5920
1610
-8662
9398
-9284
2624
-9739
5473
9162
-2606
-2082
4508
3529
-3106
-9621
-3417
-4884
879
5069
9651
8405
8514
-4604
-8722
9638
-121
9147
-6019
6249
6328
-7094
1101
-8476
-5542
-7250
-458
-7176
-1284
4084
1707
-6990
6464
3517
-4554
8257
35
4252
-3467
-3739
8148
1250
-2250
5618
3965
3237
-1039
-903
-6452
-6361
8649
-3062
-7625
9066
-5573
-6949
-3550
-9191
-8393
-3078
7047
-5961
-8566
-6825
-9016
3769
-4954
-6742
-7942
8071
-2049
3156
-9517
-1204
-4440
784
-1207
8296
5359
625
4359
-1329
-1718
-2538
-9039
-9336
-126
4246
-7175
-7198
-9056
-3685
-3326
-5110
-9022
7304
7635
2125
-5348
9043
-1180
4029
-4427
537
-1012
3950
7762
-9480
6902
-9878
3332
-2546
-4605
6811
8651
-4224
-9845
4251
-9412
7686
-6195
-777
5303
5633
-3673
6417
-1785
2144
8146
-6518
-552
-739
8637
9453
667
-1411
-8548
-4910
324
-228
-7974
6844
1790
7424
-5887
5813
6468
-3475
4769
-7316
8031
-4177
477
7614
-2
-2882
8681
5527
-1391
7399
7775
-8486
-5413
2192
-8816
-90
7821
-8
3945
-2229
8769
-1852
4080
-5889
-6027
581
1048
-4294
-4560
1664
3807
-6120
-5835
1418
2535
-2965
9507
8368
8543
132
6615
9343
1309
-4614
-6248
-6361
2863
2928
-7768
-7945
7899
2769
-3093
2791
5340
-5838
5588
1013
-3147
9385
-104
-10000
-4685
4714
-8093
2462
998
-2505
5922
-4147
9629
5000
-9278
8807
1623
8764
6404
-334
-1260
-2688
5858
-8106
8728
-1142
4422
4513
4424
-4676
-5055
-6190
-5037
-5528
2129
-8488
-2154
8373
6864
6862
-3324
-4034
-5690
8773
-1578
1476
4649
967
2926
-7161
1594
387
-7846
-5202
7468
2469
-8667
2198
8769
-8333
8115
-4793
-2454
6612
-6583
-2005
110
9574
9139
5393
-9266
50
8734
9127
-6944
4116
-6981
-9424
1834
-8752
-6973
-2710
-5203
8784
6659
3156
-1022
-3799
6941
8429
-2529
2531
-8510
7117
-196
-8854
8769
-6910
-7660
3974
-9257
1710
-2617
967
6493
6439
-9901
-9879
4016
-9657
-2968
2490
-8263
3098
7107
6299
9212
-257
8468
1520
-7687
6144
1722
7251
-6022
8838
614
6385
-790
-6966
1745
-5446
3583
-6683
-4514
-5257
8999
-3171
-5022
-777
9417
782
7262
5553
-8714
-4776
9364
-5291
-3076
-9274
-3279
-4090
-8957
1103
9209
4715
-1702
-3137
-9345
-7806
-6163
-6611
-5965
-9334
-9856
-2071
-8278
2874
-4158
6561
3455
-6875
-3585
7904
-5265
-52
5938
-1776
-2890
-7793
2153
-1634
-3251
-4742
209
2250
-9710
-1813
215
-7264
5870
-5367
2406
-9585
-9746
6661
3192
-4780
9966
6754
-6799
9992
-6755
-3355
-4808
-2174
-6834
8333
9024
3004
-415
-2773
6389
-7449
4647
-9192
6865
-205
-8353
-6734
-1128
3804
8295
1882
-4675
1655
-9570
8078
-1747
9000
617
-2191
8407
7375
-6935
7575
-8759
2379
-2383
-3738
5404
811
7928
-9075
6311
-6480
798
-4794
819
-7109
-8165
5059
6400
-1528
659
-2869
-2623
-2174
2019
-7005
-954
-960
-3167
7383
9598
2134
2820
991
-5639
1618
5149
8898
-4248
-1979
3450
8292
-8827
-2588
5854
-3167
4712
-346
-5661
-2096
8168
6994
6767
-47
536
7413
-1901
-9948
99
-6840
-541
2958
-209
-1445
8008
-6548
-5751
7212
-5772
3261
7395
4533
1094
-7465
3336
-5371
4947
-5284
6833
-4992
-9115
203
-1836
8354
2405
6979
-9243
5652
-5833
-2129
-3107
363
-3604
-2036
4806
-5351
-3560
6038
-3698
-9075
-2493
918
2921
346
-175
6795
1109
-5928
633
9423
-8434
569
5770
-3764
716
-4558
-6534
-6014
7736
4018
7548
4812
-6393
-8392
5830
-6003
310
-3791
-4453
-6576
4198
-6785
-2308
-847
1557
9426
-1203
-8422
-3963
2908
5124
-6721
8752
-8854
6509
-3462
-7697
3820
-6271
97
-8082
553
-6077
7415
-7527
-5963
-399
-7772
9074
-8428
113
-2402
-3004
-3198
-8892
-9561
2834
692
-3348
7994
-9242
-6747
-6707
-7952
-3148
-5651
726
-9876
-4064
-9380
1974
925
-5877
-1931
3732
-3164
-2884
-9801
-6497
2146
-1721
-8767
2474
-2444
1318
-6773
3577
-9553
7157
-8677
9096
3801
7076
1009
-4766
6648
463
4927
111
8073
-1755
9086
-2382
-684
-5413
3988
-7242
2701
-4978
-1634
3602
-9369
-7399
1009
-7984
-9262
-905
7191
1514
-1467
-9271
-1531
9076
-2597
6636
9014
4018
827
9002
8377
2796
8658
3763
1136
-8777
447
5932
-3777
7929
-550
-9637
6212
-5916
-6857
1810
7963
-7111
1720
8893
-6264
4196
6864
-86
-9658
-5260
1402
-1653
4766
7796
3550
-2300
-6878
977
930
1861
6987
-587
4717
8509
8010
5214
6593
5869
-7972
8367
3158
9984
4798
6026
-9219
538
8672
-4575
8517
-1929
5720
3617
4549
8479
-2346
8919
4196
3925
5989
-3063
-7345
-6904
-9223
-8921
7982
-5867
-4833
-7294
5413
5994
8703
4163
-8823
7016
-540
2927
3543
-6735
-2791
6945
-5761
-2101
974
2466
-9457
-9105
-1846
-630
-6841
1105
-8981
-5608
6922
-1482
-6939
7586
9776
-1601
-6384
2
-7206
-5530
5780
8928
6420
1492
-4625
-5949
-2875
8654
-287
-2369
6255
1907
-1601
1991
-1641
7764
346
3681
-867
-1041
7510
5859
-5285
-63
2231
4270
894
91
2084
1498
4408
9020
-8810
-4940
-3108
-2881
-2274
3466
-3988
2434
2120
8866
4030
3463
5448
5143
-133
-4206
1330
-6835
1020
-8160
-4599
1865
-1215
-625
-7530
-8667
5169
5698
-2471
-834
124
2993
-1802
938
2160
-1651
8185
9510
-40
-7744
9379
6287
-6533
2334
-1726
-255
-9618
1135
2921
-4495
-8753
-8951
-6003
-5942
1266
-28
-1242
-2591
-1517
5667
1618
3080
-2351
-5763
2724
5151
-4501
4895
-8680
7913
3346
1224
-6940
-997
-2230
-772
1353
-8405
3073
-5453
-7681
9238
-6593
6664
-24
7530
-5706
-2705
-2741
-2253
6395
9262
-3835
-4708
-2155
-8683
-6049
4121
-4759
6647
1068
-2671
-2094
-5530
-5155
-4850
9429
9320
-5661
1915
-8331
-8053
-7261
-3123
2568
-469
6287
-5750
2681
1325
4033
2770
-3488
2923
5509
5955
-4306
846
-696
8541
-2832
5448
9227
7937
-1317
4324
-6642
1754
7929
5006
115
-7027
-1512
-21
-3172
998
-6947
8587
6682
-1673
9108
4900
-223
-1419
-3491
7701
6421
7919
3224
1577
-331
-2087
-4911
9796
-1566
4276
2379
-8310
-8543
-4701
5756
9630
7294
-9092
-1242
8552
2129
7173
1558
-694
8103
-4693
1523
-8349
-9431
3191
-910
8866
-9835
-5717
3218
-7359
1885
3840
9577
7226
-6912
-5755
-2719
-1549
2909
-5428
9237
-5506
9356
-276
3089
-5005
840
-6096
8062
123
-1832
-2015
315
9810
2126
-9195
9591
2948
1883
-8294
9439
-5169
9872
-1908
-4914
3986
1780
5003
-100
-4090
4447
-1184
9381
7076
9563
636
7139
805
-7390
5044
2342
7606
-3585
3957
-4804
1846
7122
-5832
947
-8611
1929
-368
-1516
-6315
-9033
-5242
9088
9380
-2286
6243
-6033
3271
-764
-9067
-9974
1529
-8353
6398
8825
5839
9961
-1632
-7654
-2602
1476
-6846
4697
-9394
-1586
7093
-9801
7355
-6172
1106
-8128
-9106
6646
5097
-9489
-1452
3588
6521
8080
-3791
3321
-2841
-6067
6597
829
-1149
6322
4352
-2949
1344
-3424
8260
-3605
-2857
1374
946
-3683
8891
-2349
9551
-6962
-8654
7749
9081
-3199
-4157
-3836
7796
-8859
-7458
2702
-3870
7570
1478
-1698
-9262
-6962
-7923
-9550
-6074
2506
-1440
-1954
-9151
1137
9264
5092
-4757
5608
971
312
4181
9646
-9771
-1391
-5558
-1983
1972
-8817
4884
7406
-1146
8787
575
4066
6603
-6710
-1956
-8971
4203
-7404
9366
4687
1374
-3858
2644
-3225
-8185
-9938
-8324
-380
3892
-7113
-1910
-9565
-165
-3162
5602
-9989
-1160
-4754
-6321
4511
5711
-8482
-2138
6329
-1637
4772
2808
-2895
1275
-1215
-958
-6845
3905
-5205
526
-5641
-332
-2362
185
-6332
2941
-4296
5043
-6494
5483
-4776
3439
-4694
9646
5472
-8467
-7062
-4113
-367
5458
-3995
-4573
9537
7399
5132
-2176
-6636
-7685
4679
7015
7733
-268
3258
8641
-5534
4715
7595
-7041
3347
5689
4200
3886
3467
-6141
9828
8013
9185
5061
-6145
-1048
-7093
-7896
-5301
-7882
-1735
-6637
9097
-4542
8061
7532
-3626
7429
-5178
6087
-1404
-1149
1069
-6040
3937
7094
1177
-1827
-365
-2219
9815
2981
-349
3086
2208
588
-6446
-6104
1372
-1931
-4548
2970
1196
5767
-6089
1090
2622
-927
-8823
-14
9657
-7505
-1907
493
-1886
-197
-2499
4616
887
-9673
-6697
4421
5721
-2269
-8319
7988
9732
-7505
5605
7035
-7237
-727
4683
-5290
256
-6873
-4161
-9807
9280
5182
2824
9080
-3453
4884
6426
9869
9350
-6149
-3423
-9554
2563
-6617
-6808
5004
6057
4680
8259
3519
505
-8947
-4804
9049
-284
9921
-7634
5035
-8162
-4118
-6499
7498
-9203
3964
7374
5807
532
-5022
-4014
8547
-1169
3223
-8188
-8190
-637
9704
4003
1143
-6480
-3795
-7425
-3658
9608
9203
-6541
740
-5434
-3135
5211
476
-9110
6337
-2161
-3191
-6363
6470
4706
-1828
7538
5862
1108
-6339
3365
3797
8099
-8109
910
-5336
-6052
-7726
1952
9717
6368
6759
-5321
4254
9888
3502
-8267
7604
6841
-3780
-650
2169
497
2345
-7271
2445
-8364
-5710
-2741
8902
-7721
-2113
-6127
-4057
-6069
5278
-6438
5069
6094
-1897
9286
-4252
-3780
-5119
-303
8840
-6023
7958
-6068
-7518
6718
2913
7335
-2014
8885
-8586
-4922
-3703
1271
3159
-8389
8584
-128
-9174
-489
-9234
-6086
-4495
-7777
4212
944
-2312
-6419
-8786
-8443
9507
-2865
7460
-6556
-828
4965
-7147
-2029
5836
-5227
9172
-4377
-8410
-1340
4367
5359
3652
5600
-2023
-5903
480
-8759
8058
2279
1168
-7895
2845
1334
-3358
6669
4645
-8271
2270
-3354
3251
-5261
6391
6252
4747
-8539
-1290
-4058
-7700
-5086
3055
1507
-3147
164
-9146
6596
-9429
9074
2801
899
3801
2051
9162
-2765
-1086
-4818
-3861
6019
4603
-411
4445
-594
-3222
-2615
-1516
-2855
4602
5710
-8693
3235
-5311
592
9613
8467
7050
-8465
-1228
-3174
1376
3248
8548
-8600
9364
7475
6203
-1520
294
-8342
8561
-7565
-6883
-7328
461
-4135
2694
6880
-2130
-1497
5587
-3169
5069
6753
-555
4569
-5918
1349
8211
1694
8125
8549
-4206
-5365
1653
2826
-6904
-1123
5621
-480
-1319
964
-390
2785
5013
-5750
1739
9255
202
7354
-5827
-885
2918
7122
1419
8082
6723
-2406
6689
-7026
-4743
2969
-6521
-492
-9286
-6901
600
-9633
-8889
3300
-3699
-2126
4244
3614
-8407
-996
-4818
7758
7169
-6272
27
-5659
-1746
-1039
6131
4909
-236
-209
-5038
9204
-7600
563
-999
1231
9301
-8918
-157
473
-6804
-1997
-1290
6270
-3493
2436
9213
3224
-6925
-9763
7680
-5768
-8817
8065
-9278
2937
4829
8745
1598
-1477
-191
9782
-324
-5340
-8685
-7462
6058
8139
-1298
6337
-9691
9363
-688
1628
-3134
-157
-1260
-8850
5172
-7957
9403
-8588
-7489
5659
336
-2658
2649
-7306
-3228
3013
2704
-1496
-9528
6930
-1857
9060
-2826
-7898
-5063
7636
-4385
3866
1558
2253
-2058
4888
6862
-6977
-2358
6286
-5570
-6695
2411
3473
41
-6304
-3481
7951
899
-1673
-1553
-5664
3061
4594
82
5522
-2144
9524
-4890
-7336
-5045
7690
8213
-8817
-6276
-4104
-6454
590
9960
-4153
9590
-7851
4353
-9681
-9127
-2663
6951
-2573
7630
7774
8807
6516
4870
8948
9290
6970
-4868
4753
9639
6130
3673
-8337
1397
-5371
9055
7592
-8794
1362
9648
2926
-3777
-5587
9845
-2231
-6118
8475
-1528
5810
3815
-4875
-3315
7174
-6483
-6195
-2996
5743
8535
6096
2528
1872
-9132
-6030
3710
728
762
-7901
-8018
-8954
-2955
-8642
-1997
-7656
-1052
8777
-6454
8229
3031
5510
-1424
-858
4081
-2604
-6124
-9472
2795
563
1801
8205
3978
542
-6994
2813
3785
-3452
7235
8721
-212
4602
9333
6332
-7751
1212
7196
-7236
4773
4916
8649
1943
-6501
-4285
-4401
-2840
-9416
-4638
1241
9548
223
1803
9107
-1880
-6196
999
6509
5374
-261
-3371
1407
-4176
-8427
761
1852
5593
839
2179
8267
-1628
6315
6573
4237
-7765
7061
9531
-4732
4853
9152
-8835
3728
-8380
-9515
7793
255
-4567
7710
-794
-5715
4793
9794
-8032
9697
1149
1932
-1246
8444
7676
6779
-3027
7096
-5846
7953
-1105
1737
-4788
-4485
1701
-3390
2912
-8012
5180
-7294
201
-7534
-5351
4165
-1539
-9483
7607
6571
-7624
-8350
1468
3883
2822
1554
2181
2043
6851
-7781
-5455
-4052
-183
-2527
-9012
8220
2743
-3041
-2516
-6443
-1971
-5805
1101
2065
3003
6690
1730
4980
2597
-9827
-9755
5557
-399
-8594
2766
-7969
-7521
5159
1167
-8503
8918
8693
4224
834
-320
-530
-3763
5226
-3251
9175
4141
-4028
6799
4836
7825
-3105
6566
-9321
-6981
359
8340
5281
-6418
-2564
8647
-3008
8694
-1312
7160
2162
-1652
-867
-3296
2525
7768
5322
-4676
-3040
-9234
6439
-9510
-6864
-7548
-2436
1122
-5697
2542
4001
-246
-8083
-820
4504
9401
-3224
4509
-7233
-3218
4314
3999
-3566
-9359
6204
8293
7098
-1886
8969
-5075
-8486
-5346
4682
2818
-1111
7970
3997
-7283
2375
-9432
-1263
5566
3303
2258
7922
-3638
714
-431
-4279
8301
3146
-1986
833
-6832
4837
-2263
-9154
1910
7847
2744
-5306
698
68
659
-3895
-1215
-8138
-6585
-9483
-1229
-388
3820
-7284
-9894
-2499
8960
9581
4598
8071
8022
-7283
4537
-8724
7744
-4611
-1754
2822
-5398
-6553
8805
-5817
-3632
-7369
-9522
-7645
6935
345
3155
9449
-5837
-262
-6223
4286
-670
7350
1259
8074
7524
9783
585
7808
2525
-8385
-2676
1265
-5827
7972
-4904
6462
-7884
-8524
-3482
999
-9405
-9483
-4593
-945
101
2557
9825
3215
-887
5809
3802
3735
1430
-1657
2199
550
6342
1263
8868
709
-3078
2672
-1685
-8387
4084
8730
9297
-7536
2519
2507
-8126
-4695
1450
533
5988
-7644
5669
2770
6200
845
943
4907
-9793
-6411
-9784
-2223
-2433
-3682
-8921
-3196
-6048
-3450
549
-1015
8868
-357
-5707
-1818
-5878
-3066
-149
8106
-6150
-2822
5084
6801
-5209
-9143
7537
-2660
2498
981
-747
-6784
-548
-4750
3911
-9898
-956
6250
-5855
-8370
-7490
-2659
5961
-3100
360
-4148
1556
-1090
-9227
-7637
215
-3582
-7932
-7580
-3576
-8998
-5908
-5785
9112
-6967
-6125
-8904
-4534
-4321
-844
-119
289
8889
1537
4848
-9583
-6536
5570
4486
-7890
6282
4228
123
-1853
-3988
1744
-8493
-8956
2156
-7396
2936
-5889
6893
5718
-4157
-4278
-2802
-4638
-8641
-5306
7120
-6416
-819
-2730
9740
8388
-6724
1287
-2042
332
3655
-4512
-4144
2457
-2677
4794
-826
9982
743
-1390
984
219
3905
5456
-7089
3142
-3069
2089
7632
5179
475
-5835
-7466
160
1851
9513
680
-4633
7397
5028
6536
9727
-8200
-4706
4474
4539
-7441
-151
-4525
-5365
9309
400
4987
-4195
-6660
-551
-190
2761
3148
1144
-5816
292
-4647
-5066
-8984
4263
7664
1994
5554
146
6222
-437
-4675
3713
-6338
-691
-2588
2678
-2658
-1023
-7938
-9465
-2016
2564
-6089
-7388
-7209
9900
-2598
-547
-2758
-2142
7446
5856
772
1059
-9113
-2087
-9496
-9832
-2753
9585
5392
2509
-234
6842
-1459
9959
4195
4716
237
4469
1985
-8823
9852
8384
5037
-8912
9332
-4147
9015
-6299
-2894
-6756
8333
7401
1000
-5103
7325
-9279
8228
-2973
-2273
2857
-6994
-1495
2653
5383
-3029
-376
-3937
-5307
-5302
2736
6690
2469
7107
-5346
4423
5103
6393
-8899
-3100
1376
-4837
-9065
-3595
677
-7613
6876
5252
-4371
-4349
7047
8484
8617
2645
4249
-5811
-376
9691
7444
-6582
2223
-6285
2929
-1478
-1173
-2749
-6804
4723
-3895
-9333
7448
-9046
3019
5909
3672
873
3153
-1495
4871
538
-2016
2360
-6376
-5724
8867
6882
6540
934
1339
-9327
-2422
-3787
-6666
-2070
1379
-4990
-6409
-998
3925
-3891
9724
5677
6076
-3250
158
-5127
6454
8392
2965
-8766
-3972
-14
-6731
1026
-390
6636
-233
9919
-3255
-6259
1085
-9591
-1491
-5551
7270
-6706
7147
-6520
-4740
9525
-154
-710
-7535
-6110
6030
4710
-6724
-1865
8943
883
-7758
8936
-8683
-998
-3827
4478
-8241
9986
306
8909
-5560
4587
-2208
2205
-9043
9151
-2591
3419
-739
-2096
4547
5683
7003
-6089
7479
-2705
9986
9004
-3880
-672
-478
324
-7217
-9513
2838
-8212
-3518
8237
-7514
-3902
3317
-8310
-1913
2632
9452
2162
-483
-9384
-5374
-1437
8157
-3687
510
-3195
-2106
8969
9783
-3287
-4874
-3164
97
-6660
7657
971
-5806
-7473
4564
-5872
8485
-493
5067
9490
-4669
7883
2420
-6940
5960
-3806
-1617
5712
339
-4739
4517
8160
-4311
5706
9733
4003
-8247
-1234
-3894
3098
4072
7430
4988
2045
4230
-9663
6906
779
5419
4017
4766
8013
7245
-8015
-2845
-3386
1984
-7307
-3463
9627
-8310
8420
-735
4706
-7037
-7895
-5526
2546
-9738
5699
5544
5555
-9922
-8637
-1414
8595
9750
-5688
556
3447
-6278
-6024
6089
5482
3067
-6749
-3217
6595
1930
3348
809
-5062
5109
9595
229
8988
5831
-5768
6986
4217
-5523
-6483
2358
-5440
-4289
-8479
83
-9382
672
-1044
3678
-8323
-5842
8134
5774
997
3313
9271
1580
9826
-3265
-5060
-2656
-8894
7010
8963
1755
-4740
-3338
-5138
2206
-2046
-9124
-5455
-2523
141
-1531
1731
628
-8452
-5058
-6794
6399
-2728
-7904
-6465
6048
4130
6813
-1787
7976
2099
-7720
-9831
9374
3292
-2892
3801
-3108
-5393
-9450
-3334
8736
2544
2740
-1991
-6082
9029
-9683
6327
-9871
8270
9355
3780
8112
-7632
-1909
4833
-142
3428
-2542
-918
-195
3564
-3646
7342
-8575
2152
-386
-3766
-1830
-2105
8268
6827
6257
-435
6819
-8609
5519
5461
-3564
-4323
-7359
7554
1574
369
9411
-898
-125
-7503
-3718
4067
5899
-6309
-1106
-662
-9940
6494
-9133
8226
3635
-232
6499
-2070
9812
-1887
-4189
-785
9011
6329
4038
-6980
-6997
-4207
851
2392
-62
4013
7263
7756
-2046
1202
6256
5623
-727
7184
-4668
-3842
837
6951
6806
1429
-3796
5659
3283
-1746
5714
8998
3604
-4752
2715
-6429
-9262
8782
-9476
4158
2819
3742
1022
-5568
-129
-5240
-4748
6422
2168
-8403
3145
-9048
3697
-9137
9810
9277
-3682
9795
1197
8314
-7955
5101
2441
3756
-5986
9449
692
8827
-2333
-2118
1619
-492
-2722
3011
4530
-3096
7020
1949
263
-5745
9914
-8260
336
328
-3002
9470
1620
-8049
-543
-6549
4990
-4678
2357
3821
-7379
1917
6927
-8724
-4110
-636
6384
8550
-697
-3052
8940
2942
662
-5566
6789
5758
-9270
4886
-9148
6366
4450
-5404
-4182
9387
-7524
311
1194
8169
-5523
-7174
7635
-4581
2731
-7418
-3044
-8644
6126
-2790
306
1593
5638
-2735
-9612
-9622
-4204
2720
-6366
7451
-3677
-6168
6606
8331
-7202
-6429
7663
-8617
5379
7433
1724
-7296
-318
-2781
-8708
9018
-1137
-2644
4655
5979
-2204
-5633
-2817
-9343
6743
-2418
-60
-6213
111
278
-4358
-800
-9277
-3530
-2830
-3611
6244
1886
-3881
-847
9331
-7050
-2917
-244
6865
-7146
-5165
-3649
3210
-6635
-7959
416
4551
-8957
-1228
-9509
597
-4369
-7615
-4652
-259
9415
8277
565
-9523
1897
-9143
-4869
-8510
-437
8112
6506
-5660
8303
196
4077
-6054
-6257
3052
7444
-1605
-8558
2688
-5196
3154
2785
7188
-3438
3099
-140
-7597
-2462
8301
-4663
8368
715
9762
-2002
-9594
-6278
-9216
4233
-9028
3350
2086
-1598
-9870
4716
-6996
-4224
6195
8568
4208
9761
-3255
6265
-8325
4587
-8470
5895
-6201
-8006
-2563
2689
-1344
1338
-4879
-9430
4763
-9525
2601
8404
9805
4139
-3376
-3758
-6354
6860
-2105
-7213
5812
-3414
-2272
-5013
-8640
-8622
1871
-2804
443
1552
-3003
-7838
-6209
5986
-6796
896
-525
-7218
-495
3939
5694
-599
7306
-8697
8892
-5733
-3242
-5543
7616
2723
3922
5820
-2996
7985
4533
8556
1308
5794
3385
-7797
-5893
6874
-85
9489
3261
6175
-226
6601
7972
3188
9336
5197
-1127
-2959
8430
2877
-9458
952
-5707
3690
3744
-6312
-6308
4913
2382
5937
-2762
6690
7235
-2303
-4113
4145
1276
5501
1830
4184
751
-9336
8575
1581
6512
-8025
-9573
3894
1659
4510
704
6089
-9842
7149
8520
3090
-173
6432
9794
-861
-8591
-43
-6982
-4486
2099
-3152
-7942
-8716
-5061
444
1581
-8484
-6865
556
619
3429
8580
7596
-5893
-5673
-3436
-8054
797
-6302
-8665
-8104
-5976
2698
-3962
-3216
96
-1894
1960
-46
8899
2665
-2213
9996
7445
-4669
764
7978
5379
1892
8655
-940
-7721
-3073
-1692
-6316
5464
-3783
-5062
-3975
3920
-8341
-6192
-2701
-173
1119
8274
147
-8501
-4649
7449
-2941
8485
6080
7600
-766
-4005
8950
5091
-5228
-6034
5167
-8354
6644
1523
9696
-2637
-1039
-6073
9054
7216
4549
-296
3046
7566
-5807
7782
3850
-7353
9282
3497
-7702
9969
792
8031
7210
-6461
6152
-430
-9022
7175
2427
4429
-5387
-5263
3925
-4730
-2801
7220
-1981
5902
-4513
-1592
-3144
1186
-3657
8832
7483
-9843
1868
-8766
1207
5709
2292
5593
4389
9635
2903
-9670
9069
4641
-4073
1615
5112
3009
-5777
9370
-1974
3406
-2138
-5199
7717
-4485
-6101
8271
5993
9940
-2031
-9957
-8802
5502
1816
-3381
9124
-9525
-3212
-6406
1071
2175
2963
5984
9086
289
-5886
518
2928
7404
1528
-9587
-5180
7518
7303
4636
8715
-5980
-6287
7613
-4986
1775
7929
7748
5243
-996
6207
-6299
7551
6360
-7942
4044
4364
-8114
-186
-2869
-3967
8991
1893
3183
5672
6810
7808
-543
-6955
6046
-3394
-8876
4973
-2384
-8209
1279
9306
-9881
-5204
3528
-7540
-8826
-4207
7377
9188
-7118
2435
-7669
-9134
-8583
-2307
-4502
9472
6105
9794
-3415
-7605
8568
-2940
-1051
514
-1748
-8419
2296
5594
-4497
-7244
-9488
-4865
-4063
8488
-6997
696
-67
-5652
-7744
2391
-3400
-4130
-3666
5578
-1850
8040
6567
2109
6980
-8217
-873
681
3828
-7241
8095
7614
5513
6373
4933
-3126
-4806
-4864
-3194
6011
344
-9790
6253
4892
-8343
1807
439
-6291
1993
-7999
-1916
6305
289
8601
8371
516
-3326
-5722
5053
-487
-7693
6508
9248
-3269
58
1869
9383
428
9846
-2172
-6336
5747
-4189
-9805
6206
7561
-1815
7291
6325
9563
2661
9611
-4865
6137
5169
2356
6183
-3501
6842
9683
6120
-8848
-7908
4123
4085
-7446
-7558
-2802
5203
-8847
-5597
4727
-3732
-5483
-247
2397
-5331
1092
-4982
2039
1026
1842
-7609
-2885
-7045
7014
-7286
-7565
5766
624
-2368
4197
-1817
124
4925
-6092
-1413
3669
-7978
-3528
-7690
1625
-6378
-1402
7979
-4047
8496
-9640
2803
4422
-7189
-1305
5667
-2641
-3045
3758
-3321
4104
2739
1256
282
2693
1273
9307
-9861
-8254
-9976
-1803
5211
8385
1054
9373
-932
3687
6723
-515
-2299
-8965
-7655
2001
-5377
-5186
-119
-7388
-5351
-4179
46
-8998
-9616
-3234
-695
-4332
3550
4884
8917
4548
8389
-7575
1619
-1416
-4489
3759
-1968
-8065
-5922
-3771
528
812
-6681
-6512
-2929
-4898
2548
6164
9435
-8301
-3910
1952
-6441
4850
-3083
-9063
9896
-9865
6136
-3040
170
-2536
-1045
-8132
3298
-9608
-1547
-8316
-6755
5388
-1873
-5654
5849
-7114
-7036
9477
-241
-169
-4374
-7404
1803
6242
185
7912
1790
-2282
1278
812
-172
-4039
-7212
1912
3418
-9863
-3885
291
-4895
-4429
-602
-7750
6896
5660
-4103
-552
-9913
9210
-6309
2310
3776
2937
-6923
6042
-6117
-8086
1054
7210
-1184
-1773
8002
-6414
4017
215
9342
7321
8586
5901
4674
7800
151
-1424
5276
-740
3168
-9491
-9675
7006
8981
-168
7000
-2563
-807
-5675
7481
7715
-848
5980
1399
-5799
9835
995
1064
6902
8948
-324
1594
8875
-9735
-9151
1711
1238
9193
9090
6902
8904
-6699
9602
-9330
1223
-9946
-56
-5786
-2106
-6535
1043
5160
5452
-1260
244
-5068
-654
-1857
4979
1284
7955
-2957
-9018
9877
-735
9015
-9389
-1867
2618
-4715
-6552
2503
-1597
-1107
9394
2179
1622
3060
-9390
-7486
1119
4089
-9533
-3227
-9250
-7633
2167
-549
2860
7341
-2550
-8077
2331
2142
-8702
-3679
1443
-8650
-9031
-1859
2074
6767
5350
2809
5783
6288
9154
8690
-8919
2290
4785
-6131
4628
-1981
-9579
-9805
5001
-4075
2405
6589
-6788
1220
298
-8896
-4220
6683
4201
-9196
7995
3839
576
6593
4437
4420
-4785
8288
6593
-2210
-9628
-8850
6508
6638
6112
5472
5723
6
-8070
8025
204
-8850
2746
-303
6867
5705
3719
6034
556
-5496
-6583
7828
-1622
-5021
-7830
2221
2004
5260
-7411
-3943
-467
-3648
3722
1170
4004
-5509
9137
5495
9164
5079
720
-6115
407
3054
3368
5523
6027
4641
-1481
8304
1781
7157
6745
6707
5375
2567
5562
3873
-6293
-9853
5647
5368
-1395
2532
-9123
-6608
1129
-523
529
-5752
-1947
4185
4442
-8025
8098
-8092
5582
7274
-6732
9553
-5314
-8985
9707
1887
2609
4075
8745
4658
-8171
-63
2394
-4173
-8543
-2202
7146
5608
-5267
9426
8038
1996
-6874
-6472
-8152
-4516
-1069
-5870
7393
7770
-9909
-8095
8028
-1552
-2065
-4831
1238
498
150
-8767
1502
-2423
-6654
-9702
1249
-2100
-4167
-1766
1670
3922
5951
-1268
-6997
-8985
-5613
-9372
6823
-4638
3245
-8975
2844
-4807
5367
6579
-1826
-3306
-766
9381
1538
2607
-7741
-6573
-256
9008
-1700
1605
9159
6302
303
3266
8031
-7602
1594
-3427
-36
-2417
8135
-6216
4139
-2796
-8436
773
-2781
2214
-4157
-9972
-438
5388
6134
2569
6858
-4911
557
6158
-7194
-6720
-1315
-6903
7656
6133
3806
-5404
8068
3470
-6055
7795
-9331
4967
9740
-1438
385
7633
-8992
3473
-9679
7957
3071
6225
-2597
1316
4607
4489
5775
5966
7685
-256
4068
-27
6329
-4734
-2396
9843
6760
-5568
2584
7561
-8505
-5727
-4353
4910
8603
25
-1219
-9185
-2609
-6681
2068
-7113
-6721
7178
5087
6544
4431
5197
-3953
1973
-2714
-5830
4146
1647
-3966
6649
7179
3716
-4175
-6890
-1976
-468
-4466
8575
-9235
-4296
7969
-4693
-3667
4218
-5619
-3007
-3579
383
-6249
2431
5575
-632
7317
3824
9905
-7413
-1965
9216
5840
8011
-6741
-3367
359
-1506
-8581
-8035
-2172
4196
2209
7530
-2284
3232
4259
2533
7468
1198
280
-4616
-6895
5441
650
1071
5840
-5629
-6464
9695
6262
2491
7045
520
1109
-7684
-7999
6804
-6293
-7000
818
1211
-8769
-3911
-451
9346
-3463
9374
854
7482
9505
-7611
8113
-5341
6889
3135
4985
3313
3427
-5897
-4254
1398
-7894
-3401
-5938
-5438
6102
-926
1561
3362
7733
-1073
6400
3478
8908
4652
3170
-1873
-9816
5833
-6792
-140
3170
4867
-8497
3444
8661
9191
1655
-533
4842
7893
-2370
-1909
7571
8883
457
2968
8134
593
2926
-7052
9133
-7507
-4664
-5254
4321
-5429
9762
-6821
4663
-2824
-7942
1703
18
-4072
-7766
-6613
67
-8237
-8895
9518
3349
-5381
9065
-6315
-4077
2762
-8492
-2193
4077
-9777
-9712
-405
-8627
-2693
-6860
-475
276
9158
9048
-4920
-1153
-1720
-2050
-3323
-1791
4191
435
4654
6645
5486
-4332
-7852
-6690
4932
9202
890
-2019
8900
2389
-2551
1179
-1716
-4628
6054
333
4991
3128
4030
-7913
189
-3693
-6166
4123
6391
3078
7352
7881
2798
6680
8838
-7610
-7115
4630
-1382
-9453
5623
8506
-9788
6073
-6734
421
8510
4229
8133
-9519
5886
-3385
-6855
-5903
5063
614
-6735
-3240
2721
-650
6413
-8648
8333
9639
1078
2909
3949
8158
1550
5883
-6235
4722
-8880
5679
-3438
-1023
-1345
7817
-2525
-3282
-5648
-1984
2686
9141
2126
-2885
-7379
7820
8426
6187
2868
7788
-3699
4903
7172
-3799
3723
-1710
-7392
-3242
-8664
-3446
-1899
7890
-8311
8701
-2635
-6531
3153
-9730
6480
-302
-8687
349
1008
-9739
4219
700
-5357
6523
-6382
2574
1010
-4736
5384
4019
1729
2291
5491
1087
-5588
-9708
3274
-4420
7220
8982
-2579
-7941
890
5486
-8272
4064
6360
4015
2141
4695
8676
6128
4540
7124
-8329
-1101
-9677
-8065
120
3937
-9274
3131
5103
2221
4178
-3182
-841
2565
4068
5369
4546
-8812
3208
3755
3474
-930
-771
-2389
7489
9271
6684
-2397
-8070
9616
9585
-2278
242
1367
4880
1202
-1404
-4950
-7903
