9311
3380
3834
1640
6806
3899
4790
8198
7139
1055
4524
1914
4404
2634
9925
2037
1806
7319
1147
3222
5441
1316
3552
7937
5801
6458
2792
9928
2030
6403
4347
2855
6834
5886
7221
5157
2759
6873
4680
9531
3300
5928
7836
1797
3951
7557
9253
1810
6470
8358
3371
1338
4832
7624
8379
2227
7289
6702
3021
1938
6076
2690
1799
8509
5941
3746
3374
3276
8639
5603
2167
2697
4627
7105
7041
1715
4548
6900
6367
4707
9729
1220
5832
2790
7207
9909
3605
5241
8425
2663
4471
4091
3215
2959
3730
3761
8985
1633
1189
8645
8998
6150
4709
9364
6140
1404
1378
7629
2087
4458
6227
2178
6375
4098
7421
7661
9137
5013
3904
8277
6140
7765
8705
6049
4101
7395
1497
2302
1364
8489
7767
4092
6535
3268
3863
3459
5114
4835
4259
5205
4240
8066
7131
5019
9316
3908
8686
4664
1390
8917
3575
5633
5958
7971
6445
5692
2110
3477
2063
7276
9696
1481
1550
5059
9913
6668
2503
9486
7312
8922
9302
7348
4421
7251
1941
7652
7776
3633
3337
3098
1462
5867
1270
3836
7345
4843
2932
7347
6603
2330
8482
4501
8525
8013
4564
1116
6668
8324
6684
2315
4193
5401
6884
3689
8818
1644
3369
6518
2229
8946
2723
1731
7977
7867
8072
7521
4628
3555
1418
5744
5460
7495
6405
3174
3137
5464
8287
4253
9319
4722
4416
6606
8473
6687
8408
9956
1892
1616
6631
5555
5927
8092
4388
6472
2069
8702
1103
8509
5694
7190
2052
7369
3029
5597
5943
2710
8548
5874
5001
1390
9874
9513
4566
8265
5270
3320
2540
1901
5914
2177
1445
4408
9736
3008
2905
9186
2013
3330
7041
4513
4116
5250
3825
3170
7440
2378
4653
3810
6710
2136
1349
9159
9763
3211
1020
6482
9265
7594
5446
9766
3815
1953
9981
1755
5222
8877
5045
3907
7082
1848
7030
3853
8997
4195
1130
7570
6948
9325
9116
7265
4242
3039
2225
3939
4671
5115
7748
9956
5528
1061
7519
4381
8519
5839
4656
9642
9959
2094
6537
9099
7130
9482
5936
3096
6852
6614
4957
3513
3567
6600
4171
8065
2962
1987
6924
5936
3560
9690
5855
6120
1755
4032
9866
2051
1608
1017
5087
2484
7790
6473
9657
1208
2336
3151
6121
5206
3587
5109
3890
6424
4125
6834
4682
8610
1401
1358
8835
9231
4719
1482
3441
4452
5130
1867
3034
1513
4765
4543
1412
1764
5827
2281
2317
5058
7263
7960
3759
2660
5611
1482
3644
3972
8516
2410
3450
1418
7061
7344
6389
2008
3564
3575
2310
2260
9327
9579
7162
4251
9086
1502
2599
6006
8643
4612
6307
6270
2576
8606
7866
5658
4594
2790
1087
2095
4063
1938
7617
7518
9414
4173
1111
3928
9416
6083
4157
9515
5387
9876
2995
5853
2449
8100
1858
4143
1790
3375
5284
2361
7657
7217
7043
2292
7020
9748
1168
4443
5131
7279
2379
3865
5340
6264
9548
9094
6895
7696
3469
4891
8962
3805
5897
3559
7212
4771
4852
1770
4247
3812
4611
3230
4771
5523
9106
8876
4743
1989
2529
5578
9525
8715
7394
1670
8360
7025
4264
3990
8681
1570
6884
3871
1130
3327
1768
6406
3300
8029
2962
5417
8045
2438
2572
9908
4844
5714
6361
8333
7457
8693
9890
5994
4375
1584
7590
2180
9956
7561
1922
2139
8067
7256
3107
1305
9429
8974
1561
3380
4178
1355
6007
5163
3089
6996
6841
2016
3284
1127
3367
6262
9751
9477
7261
3824
7399
1788
3776
8917
1713
2397
4962
1366
3554
8415
4363
2901
2542
6618
4970
5662
9591
3095
3652
5408
4558
7598
3529
9010
3093
8944
4465
7724
8618
7688
9281
5880
7778
8689
2699
7834
6745
7787
7346
9518
5441
1495
4129
8185
8305
6382
5833
6928
1022
1795
6404
2625
9119
3688
4809
7999
3251
1294
1560
3107
4846
2924
7860
4521
3065
9451
5927
7589
5769
4738
5834
2760
8099
2273
9477
3653
9773
9057
2548
3302
7730
1372
4505
8199
7636
9089
2815
8152
2951
1299
4379
7063
5139
5057
9065
5577
5868
7196
1160
9856
9690
9991
2416
1872
2688
1317
7509
1106
9457
8185
7632
4055
2521
3749
5379
9389
7919
4339
4182
7635
3161
6935
3436
1761
2588
4645
5504
4452
8845
9213
9442
8374
9379
7977
9185
5290
8170
9110
6513
6320
5397
1885
6267
6826
7333
4211
7770
8101
4022
6846
9744
8089
9448
5704
5129
2721
9695
5244
9095
5322
4377
8564
2011
9645
3090
5888
5871
4282
7929
2614
2831
1963
9406
8972
1273
4778
4432
1499
4876
6676
6251
3758
7771
4590
1831
2391
2958
3286
3303
5967
1159
2207
7062
8196
9147
5379
1492
5729
4943
2797
5919
2429
7098
6784
4810
2782
9149
3783
2845
8792
5533
6739
9847
9121
2984
7092
9191
8699
6055
1169
6595
1819
1271
5802
7168
4932
5406
2582
3205
2873
4294
6766
1449
5966
8512
7525
1196
5532
1424
8903
4767
8420
2809
8910
5805
1440
6007
6672
1318
5947
5246
6723
5867
7929
3767
5900
2833
8456
3483
5163
6669
7812
1047
1784
3950
6226
2085
6658
3083
4393
3146
6574
7106
6350
1745
5366
3774
9355
8895
5116
8864
4985
7766
7775
1681
6022
1488
6249
5122
4667
1481
3831
4305
9439
2297
8308
4167
5402
3199
7611
7016
2602
7705
7223
3790
7679
3195
2694
6820
1794
4094
3363
4496
4601
8481
2450
9280
9423
9164
4715
2017
8014
7007
1999
7385
1510
1138
6173
2382
8003
7616
3368
1020
3325
5402
5705
9236
7633
6313
5150
4728
9034
4489
4342
9194
1540
9554
5914
7584
6923
8546
3954
3358
6114
4575
9831
3361
6662
8784
1868
4513
1740
8379
4796
1381
9793
8379
7678
5807
4615
2299
9362
2230
8140
1737
7841
4669
7276
8100
7401
8056
5710
4276
2139
1461
7297
5448
6286
2882
1133
3049
2495
8651
1313
4021
2387
8543
7237
1096
6879
7001
9436
7653
6727
2656
3260
5518
8375
7619
6853
3891
6678
5116
4201
6455
5138
1923
2684
7293
5008
3858
2951
5527
6954
4823
9726
1861
7541
8582
1849
2893
1157
2432
3098
6055
8765
5696
6344
1797
6375
9591
2952
1873
3235
3233
5846
6506
9507
3564
5341
6063
4155
1675
1389
2420
2388
3498
4055
9853
2011
6364
3086
7785
6050
4186
8817
3420
1705
8080
9982
2208
6031
5926
8344
1429
2872
9708
5907
1327
5202
5725
6742
1547
3622
5370
4580
9250
2200
9731
5062
6748
6609
2877
6026
7729
1157
6554
4182
7186
8395
2638
6709
2635
5854
3045
8832
8759
8055
5931
9123
4220
6658
3172
1326
6864
2771
1449
2026
9850
7636
7709
9621
5432
9940
7074
5065
8710
1067
6769
4184
7330
5964
7773
3345
4956
3190
5172
8041
1741
2620
7211
2148
9801
8146
8859
2784
9095
9792
9915
2235
1277
5325
6799
8753
2215
7550
5320
1578
9667
5441
1865
7742
5636
1655
2652
3977
4650
7063
9983
3073
5113
7564
5204
3911
3416
9886
3363
1428
9015
5246
1427
7496
5356
1249
1277
4719
6968
6690
2131
7716
3212
7272
9760
2899
1354
4064
3902
5311
8895
8313
7615
8836
2450
3924
1807
3662
2356
2709
9786
9709
8568
5939
8541
1848
7365
4401
9974
7439
3488
9219
8306
8385
9925
3270
2931
1802
3031
3944
3739
6200
7870
3200
2143
1732
4206
6518
2573
4241
9537
8078
7087
3921
7046
1476
4652
2562
5811
6845
8234
6614
5832
8774
2279
3603
4579
8853
3469
5462
8504
7012
8664
8069
9725
2060
9531
5762
8184
8097
9344
9736
4500
3892
7657
4919
3398
7814
5991
9324
1530
1195
5426
6451
8686
8491
1241
7139
4993
6223
6389
2773
1464
5249
3081
1483
9301
7848
1115
7720
6215
8131
7210
4128
5182
8477
7403
2400
4364
4452
7785
1352
2482
6190
5793
9996
5929
8952
2676
8376
6572
9167
7592
6874
4319
5036
8274
8834
7161
4987
3420
1737
6657
4484
1469
1825
8382
4926
1754
8419
2055
7333
1772
7635
3302
3436
9536
3848
8600
2873
6510
1135
9675
2488
5305
1615
1482
6126
1808
2610
5034
2437
9032
4034
7912
4726
8991
9076
3041
6514
2388
3939
2149
6088
6647
4456
5223
4831
7268
1293
5026
6723
5550
2531
9267
1851
6210
1520
1157
8809
3836
5382
2974
5571
8589
6872
9907
4512
2661
1293
1247
3229
6525
1516
1450
6315
4772
5353
8365
3223
9786
5870
8888
1647
2015
2480
7242
9355
7382
9873
7787
6721
2691
9807
4803
3488
6287
4254
9814
1033
7911
9313
8352
8699
9491
7470
9190
6429
8833
7542
2145
6132
4652
2599
6126
2710
2704
4984
2421
4942
9446
4441
2342
4939
7818
3152
8412
2197
6606
5765
1638
8425
4624
1682
7427
3126
7983
6461
3671
1970
5340
3528
4611
2704
7229
3216
3813
1158
3145
9241
8596
7790
6816
3666
6181
4442
1023
6613
4776
5371
6872
7859
8590
1545
3965
3419
3962
2311
7786
6987
9059
1528
5009
1916
8162
3721
1801
8439
5829
1614
3834
9453
8691
4890
9767
4843
5394
6058
9282
2848
2139
7898
1987
5841
6283
9876
9370
5087
8100
6918
5410
8585
7717
9271
5504
5094
5965
8848
7557
2850
2291
1151
6618
2117
8905
8969
3255
6274
9873
5994
1312
5518
3385
6112
2848
2788
6412
1381
7263
3858
9651
8990
7619
9202
1736
7546
3927
6421
3749
4218
6138
1044
9660
4140
8009
5141
5920
5260
7368
2926
1137
5924
2170
2748
5816
4018
3836
4173
4915
5029
2607
7377
9056
8755
6725
1966
8085
4753
6473
2958
8723
8950
8889
8543
4524
8115
1574
5039
9934
2816
8266
3185
7329
6704
8714
3426
6445
5345
8976
6866
1898
1611
3696
9978
4281
9841
4588
5602
3938
1991
1507
2250
3184
6107
5200
7302
8794
3900
6619
3821
8603
2070
9977
3079
2906
9190
2757
2742
1145
2143
1905
3552
9179
6503
8185
5019
8127
9988
8815
1524
4991
7426
9034
4055
9897
8559
3612
8906
1560
2686
4216
9823
1517
7860
1491
5339
7863
3667
9677
3251
7841
7426
4707
1168
5096
5500
7332
3645
8571
2754
2573
9125
5693
6233
7555
6062
1629
7024
2425
5363
4628
1108
3670
6573
2076
2341
5786
7313
2511
1591
1840
2362
2503
6197
3250
9438
6239
2650
8808
4909
4117
9041
7625
8649
4006
9759
9757
9182
2780
4575
3184
4905
8390
6710
3753
7836
6910
9107
3396
2865
3543
7488
7039
4034
1718
1512
4477
6177
4751
2207
3028
7424
6904
4109
6028
7835
7558
5525
1938
3684
8417
7250
4958
2201
7554
6542
9048
7735
3996
1422
4252
8299
3020
3973
6190
1395
6588
4369
1888
9550
3995
9002
8399
8936
8062
4298
6144
3267
9556
4406
6418
1624
3914
8015
6340
5632
2592
5386
4564
2034
3527
9624
4643
1730
3476
6350
1368
5402
3875
5506
3795
1001
9167
8402
6186
6651
1660
8960
4770
2221
2466
8077
4144
6148
8022
7751
5687
7266
2065
5231
8577
1950
5050
8921
6310
2561
8200
5469
5034
2246
3596
4438
2876
1842
7911
6734
6325
6076
7327
8639
9896
6907
7465
6195
4559
5977
3944
5534
4751
6363
6725
6295
5724
6061
3189
7057
6968
4836
4541
6575
4553
4299
8358
1023
3901
4600
6518
1389
4916
2802
4987
1183
8793
5048
4773
9199
9521
2298
5400
1422
3873
3399
5743
4336
3417
1308
4497
1702
4249
4380
1287
4315
2453
2513
3797
6702
1438
9877
3993
4776
4553
5317
8047
8875
1024
5381
2682
7773
9473
8147
9695
4992
2293
8483
6063
9372
8124
7436
1293
2553
7622
1154
3135
6855
9777
8468
7290
2706
4144
6938
9822
6904
1240
4113
2573
4046
1539
8235
4745
5737
6508
5259
9355
5317
3921
7996
4854
6506
3004
7117
8575
1506
6479
6004
7520
9519
5647
3039
9015
3342
3985
7299
2983
6840
2219
8361
8615
4121
2734
8040
1310
7818
5143
5360
6618
9795
8586
8865
4087
7462
5071
8384
5445
6334
8712
2754
3896
5660
5267
7305
5044
2930
1900
6018
5433
7512
5785
2489
8741
6468
7429
2432
5602
5058
1366
4524
9812
6033
5778
4726
1190
5471
7987
9446
1167
2249
4555
8032
1305
6897
2571
9454
7251
1241
9309
6447
6237
9192
1929
1039
8418
6353
6663
2986
9644
4861
7327
1334
1968
4254
1851
7923
7197
2244
3306
2021
3109
1194
1834
9358
2364
3056
2434
8238
3476
4012
2410
7122
3491
3721
9161
8288
9726
5754
1126
8797
5748
8380
4046
5967
3773
1307
5906
1840
4120
8089
8463
7479
5126
2780
6548
9552
9645
9461
7458
4764
9813
2791
4657
9479
5083
5653
5151
4322
8675
4462
7803
2942
2773
2753
9951
5385
5375
7175
6644
7977
6701
9501
9271
8672
5252
4413
6101
2825
8775
4943
4050
6914
4395
6054
2823
2200
6954
9323
3663
6609
7709
5055
5517
6709
1339
4804
6574
7671
9304
5301
2196
5305
9486
4817
9890
1504
8463
1617
1045
6821
7048
5797
9324
8947
4887
9570
1458
3899
5251
8516
2201
1258
5008
6558
8287
3101
1456
4432
9090
7618
5980
9573
8576
6451
8898
1804
5699
7343
2228
9640
8093
3668
5899
1258
6693
8281
5343
8704
5078
9400
8496
3095
9207
1431
2433
8464
3785
8057
5617
4789
1122
5116
3537
3507
6573
6619
4610
1065
7635
1644
1582
9197
4535
9105
8629
5519
4007
6344
6868
7827
2935
1269
5771
8665
2965
4574
3011
2005
6144
1592
7990
9192
3496
7781
9464
5772
3379
2913
8407
8736
3252
2657
5340
2064
6256
1816
3762
8635
6223
7048
5579
4545
4157
5960
1314
1469
7227
6141
9011
9407
5422
2170
7360
6318
4998
1730
1712
1937
4052
3909
7086
4795
4511
2936
6270
2910
1565
1885
7430
2916
5714
8298
1526
2392
4086
1694
1269
2498
4168
7015
5345
6590
8543
4625
7286
6222
3839
2611
9706
6704
8725
7805
9201
8825
1732
7606
4020
9718
9969
9131
2853
8254
5805
9433
9564
7702
1011
5793
1345
3248
7687
7463
9952
1251
7035
5426
1223
6029
3045
3229
7513
6923
2626
1093
3064
7879
8255
9785
1810
8683
7138
4656
8234
5465
6429
2920
8433
9396
7285
3742
6423
3166
8547
8416
6143
4543
8437
6370
1302
8535
6164
3801
7726
7451
7571
6331
5387
4628
1447
2832
4712
6165
4508
3853
2966
3828
3481
9677
3324
6942
5112
4262
9142
7119
6969
3966
1360
6406
5353
5545
5855
8256
2936
6424
2756
7094
4574
8331
7782
9999
6106
9110
8621
6580
2990
6865
7052
8807
9864
7283
9262
4239
3000
2510
8044
8577
2379
5924
7766
3981
2384
2226
1099
7764
9637
8911
9061
4399
9965
4309
4621
3985
7071
6369
5662
3990
7784
4464
2431
7732
7488
9013
1987
6111
9487
9370
8751
3321
6925
7210
8157
6229
8193
3492
8219
6478
8660
3077
4989
4817
2713
6508
1083
6718
6121
9223
3249
6598
6026
6013
9103
6247
2711
8338
6592
3204
6347
6425
6530
7881
1042
2895
8972
2152
2511
4945
3735
2641
5328
9259
5944
1540
5322
7806
8922
4149
2243
4899
5105
3800
8185
7351
4281
3037
7329
1704
2696
4880
4882
3444
2690
8116
1178
2709
9416
1239
8073
4624
2003
3160
8597
2428
8148
7431
6183
3951
5378
1885
9647
6698
8962
6598
4533
5429
8491
9277
5124
7213
8471
2174
4803
4158
6461
7960
9831
7424
6103
3900
2994
9777
7195
1174
7996
7253
1977
7145
3557
6648
3001
8935
3572
1704
7232
5024
3677
1073
1173
6002
1517
9120
5552
6899
6708
5380
1940
9425
3748
1938
7969
3494
2884
8474
1014
3750
3956
6816
7381
8959
4630
3076
2292
9063
2776
5625
2253
1582
2757
6459
8578
5465
1706
9420
2694
2309
9704
1533
4719
9571
2662
5073
1290
4551
7755
7281
3053
3937
6165
9220
8956
4897
7437
7192
5060
6049
4546
4188
6199
8141
2525
1934
6563
4216
6094
5638
9745
3322
8124
6646
9288
3714
6089
3534
4643
5474
6261
3251
1004
1468
1137
8513
9779
5227
7137
1048
7628
3008
1965
4196
7343
8620
7539
7672
9680
1364
6587
9297
4567
5143
6589
3999
6140
9770
4305
6270
4683
8351
7357
8737
5597
1369
4716
4357
2867
3983
5436
1341
6942
3075
2691
3440
6698
9386
5190
1777
4752
2924
3482
4320
8978
5532
6119
1252
2237
7689
8008
2702
5685
2973
1516
8366
9520
3252
6927
1282
9591
3898
2405
8110
2890
8435
9672
9016
2347
1936
9068
3966
4833
9873
1416
8776
3035
2810
6517
7775
1347
2838
1638
8167
8155
4486
2446
8438
5207
2233
8162
5655
4369
6911
1064
6845
8448
1047
9777
1169
8600
1165
7807
9620
2010
4056
5333
9308
4503
8310
3932
8533
8539
6895
2168
8889
9587
3756
8492
3235
1417
1759
9125
4455
8496
3986
2428
2612
3202
5828
1880
9225
8593
3188
9232
9160
5941
6034
9085
9708
7544
4525
8805
7785
6591
9062
1032
3290
9740
9645
8786
5158
5589
7033
8284
7781
3951
2132
1000
5486
5759
7557
1338
3471
4076
8500
2130
1529
1690
7967
7155
2712
3310
9668
6712
1899
7100
1960
2025
3440
6485
3345
7252
6329
4155
7322
1966
4908
4019
2607
1562
8416
7733
6109
3416
7330
2847
8199
4753
8053
6643
9419
6640
2660
7388
8804
5781
1464
7439
7968
5777
5184
1151
9376
4285
6911
5350
6442
3892
9309
8041
7180
1103
5598
1510
4367
4094
8487
1350
4084
7185
8593
1971
1406
8642
1399
9138
6977
3054
5788
3108
2154
7343
4628
7259
4675
6552
8960
9126
3382
8425
1104
5857
6271
1116
6413
8947
5912
9716
9098
3867
3223
4886
9343
2178
1498
2440
3665
1047
5517
6465
4665
6761
6679
1504
8709
5530
4606
6536
7463
7771
7269
7723
2100
1928
9424
4144
6247
8805
8119
6069
8818
7488
1426
4363
9904
1558
8941
6471
8793
8196
4700
5103
5073
4741
2047
8654
3909
4861
5514
7341
5127
5808
4608
6971
8445
4555
9153
4019
3833
9795
4950
3357
9854
3667
6361
6591
5172
3926
7411
4131
9818
6265
6994
3237
7193
5883
5576
4895
9109
2335
4271
1823
6697
1169
2211
1753
6120
6296
7855
2391
2491
6087
3364
4877
9271
8543
6472
4441
1236
5482
6089
2161
2647
4388
8742
7021
9836
9343
7561
6397
4762
8460
1424
3469
8122
2012
9570
8301
7643
5377
8446
9605
6786
5500
7609
2728
8909
1238
2748
1412
3563
4221
5644
4711
8954
7471
3806
3902
6512
4809
4385
1338
4330
9598
6594
9399
9102
8968
7517
7399
5931
2296
4952
1488
9194
5160
7009
1366
1840
7493
3165
9387
2452
9075
5385
6382
1467
5530
9122
5871
7693
1489
3097
5368
4017
5960
9672
2246
5963
8344
4919
7749
9728
9070
9857
3014
1517
1421
1718
2244
8721
4850
6486
3817
4402
5198
8857
6668
4947
1703
9982
4800
7042
4306
4989
7278
3203
7261
8554
3333
9581
1823
4992
5201
1020
8398
1361
1347
3952
9790
9423
2977
5707
1957
8256
9383
1976
8629
8406
8217
4458
1035
7643
2379
2571
2891
1507
3833
1953
5397
5231
4461
7318
5168
8756
9690
2928
4237
3398
4068
8885
9306
1988
3696
5582
3334
5279
4670
1484
4381
4509
4925
4413
6981
7764
5504
3998
4389
8799
4023
1070
8872
3963
1570
1017
3031
9581
4228
7638
4509
1147
9042
9436
3856
8340
8894
7884
1612
7170
1277
4449
2806
2504
5424
1913
5983
3512
9962
8617
6887
5467
9226
3277
9271
2565
7830
6327
3476
4936
8989
1099
3482
2593
4128
7042
5323
6321
6171
7450
6887
9617
9559
7474
9153
1987
9634
9827
9196
1354
6551
1069
1051
5294
6213
1019
5214
1249
6067
7357
6455
7589
8224
3032
9954
7711
9459
4714
1159
3922
1092
5858
2118
6178
1331
4782
8053
6202
8035
4796
2377
7072
5166
1735
3261
5027
1387
8053
5890
8902
7770
2684
8351
7527
2989
6934
4722
1440
6026
5128
7772
8902
4666
4306
1267
3050
8889
3736
1475
3168
1630
3546
9936
7578
4620
7142
7469
4736
4338
3802
9148
3721
5148
9304
3058
5357
6332
6761
8721
2765
9662
3257
9353
6260
8656
3833
7022
3081
9961
6375
8413
6708
1357
7662
3473
5289
9237
8974
4402
5563
5069
1527
1160
6948
2945
7502
9887
2730
3233
6227
5096
7746
7748
3387
8467
1712
6402
6191
3416
5907
8220
2177
4481
7934
6171
4335
5529
6818
2755
8682
3665
7636
2800
6752
5658
5952
8974
5056
8914
4711
1980
6325
8983
5316
1090
5099
3496
1187
9251
9324
3170
7215
8375
9359
5572
5482
8993
2087
9817
2411
7255
3626
3508
1301
9875
3484
9253
5934
4537
7829
1317
3289
2977
5382
8448
5993
4822
5838
3863
2978
7460
7065
1387
5814
6791
3732
1783
3794
4136
3081
6056
7909
6160
7115
5268
2198
9953
6441
5698
2319
9366
3566
1088
2389
5941
7301
4013
8500
7969
3503
2255
4985
6920
4563
6433
9806
1286
6516
5246
9428
1028
9858
8151
1075
5327
1204
3057
1711
2926
6846
3292
9693
7793
4566
8057
3460
3486
4292
1124
5513
6733
2275
5826
6900
4400
7959
8138
7343
9433
4849
9179
5359
6484
3949
8717
6629
3534
6299
4542
1022
1355
9910
3751
9595
5090
9511
8931
1519
4016
7218
9084
2093
5503
1334
9085
2401
4832
9274
3465
4795
4503
4178
6609
2161
8567
8113
3980
2591
9340
3283
5617
6430
9780
2976
9156
8823
6846
5813
9472
7431
7191
5511
5914
8724
8936
4004
7721
1589
6788
8352
3545
4926
4491
7742
8566
4522
5771
7549
6648
6737
1582
2733
9553
4280
7683
4711
8387
9652
3397
1300
6306
2075
8001
2123
7579
3481
2752
1847
4386
5905
5705
6797
3712
7383
6824
5379
3855
9064
5679
5682
6778
3668
3211
5324
3270
3843
9454
4273
9263
1499
7500
7723
1170
2906
5778
8666
7589
5526
7890
5466
4549
2315
2220
7638
9040
3717
9796
5618
7433
2138
8944
6528
1334
5826
3886
9216
3100
7599
7996
6976
1823
2977
9608
7578
4809
3990
2014
6456
2657
6456
8751
4526
3489
9378
6346
4680
3835
5930
7345
3322
1887
1129
8983
9477
1658
1598
6492
2764
4564
6566
1011
3600
2993
4916
8512
1081
8772
1328
6638
4890
7246
5872
7273
2661
1161
8267
9277
7819
8643
4488
9349
8287
1838
7476
9065
8417
5542
6360
7987
5735
1606
6824
6349
7668
7436
7762
2236
1435
4837
9483
2069
7628
2135
7412
7352
5233
4506
2966
1882
9127
1793
4696
3510
1196
8235
2841
1144
4692
8111
3173
2847
2494
3079
3089
4674
9527
9651
4654
7719
1177
9227
6426
1559
3388
3898
7039
4991
3766
5569
3943
7792
6322
8942
7190
5808
6589
6883
7891
8205
6823
2444
3373
9145
5065
9175
4083
1923
8417
1914
1651
4131
9034
7246
8321
3984
3588
6629
7052
5668
3575
3574
2687
2592
8410
9055
8675
9149
6975
1332
1044
9674
3080
3760
2223
4565
7083
7213
2078
7089
2343
8869
6472
3443
4854
5527
2601
7710
6090
2557
6239
9425
9651
1852
7545
4501
2462
1183
5291
9004
4236
8637
8500
1593
9194
8364
5754
1880
7405
7336
3678
1301
1366
2407
3463
2102
5890
5198
7313
8756
3853
4481
6911
9689
4834
4438
8561
1632
4084
7709
8836
3645
5575
2730
3845
6374
1282
3046
4894
9569
2392
2462
2199
1538
7345
2719
8982
7528
4648
2619
9943
5423
2038
7254
2127
4176
5434
2682
1083
9106
9222
4073
7606
3179
5303
9150
1181
7820
4653
1903
1759
4389
5645
2492
4642
7092
5679
1775
1405
9388
1507
5847
8108
8928
5492
8685
9169
5272
2282
6026
4288
7048
8259
6558
3394
4896
2725
4685
2458
5664
2030
6666
5089
1439
1236
4093
1996
3721
3733
7635
4691
6913
4640
1145
2645
2279
6241
3975
7801
3409
6317
3051
3681
3978
3653
8190
4158
8576
2000
9589
1769
7546
4778
4345
4520
5672
1454
8666
6566
5474
6698
4574
8506
5817
5560
1959
4258
8428
7600
7607
8283
2038
3443
3518
2139
8134
2031
4875
7375
3926
5635
7372
6937
1293
4521
9896
7822
2899
7529
9178
8182
1822
7699
8991
7249
4747
1086
5648
8658
2475
4338
7148
9241
3019
5359
4980
5280
7536
3134
1158
6678
9821
2761
3177
8089
9160
3680
6199
2124
2562
4201
1641
7463
3436
7217
2445
1090
9581
2930
6348
4224
8879
6110
4606
5206
4666
4249
8558
9389
1174
4587
2658
6981
9249
4917
6747
3280
6667
1499
7492
4013
1964
9458
5687
6287
7958
3200
8231
2736
5526
8768
7858
9071
6938
6138
5798
5047
5514
4764
2846
5490
7458
9266
1332
7548
8567
4196
1078
6229
3484
9484
3961
3972
1309
6798
6634
1954
7726
7930
7449
1921
8461
3572
8225
1631
9810
2731
3726
1186
9809
9965
7844
7537
9991
3732
4224
6282
7913
3086
3853
8875
1849
4216
7886
1155
6839
6643
9893
2597
8285
8823
5401
3969
3898
6563
1765
7504
4677
1419
1177
8011
6151
4136
1584
8396
4621
3989
6108
9174
1862
2880
1163
9273
2312
9160
2618
7081
3355
7828
6155
1658
8901
3717
8731
8057
1395
6265
2410
3344
5132
2604
1285
6063
5197
8999
5425
5432
5060
9504
2046
5947
7030
6835
4693
2418
8718
7539
8852
6649
7347
8526
2195
2030
8990
4810
2328
1844
9238
2208
4515
3382
4883
9818
4786
6594
7804
3665
1441
9022
5137
6499
7591
3262
5447
3582
6727
6836
3432
5710
7626
7990
5537
7976
2004
6232
9369
6839
2917
2051
8157
1378
7082
6838
9771
8651
9730
1737
6220
6979
3203
7074
6015
8512
7876
1704
2242
4823
3583
3856
9667
5916
3933
1752
8230
5570
3243
4751
4383
1120
7402
1377
3475
1746
6064
9740
8932
1342
8175
9025
9777
3339
5483
8728
8461
1506
6970
3058
9287
7594
5308
8109
7741
2908
8550
9677
8149
4545
4737
2918
7443
3588
3940
7333
3839
7031
4223
1463
7298
6271
1663
1638
9619
4010
2015
4422
5520
2026
3157
4790
3541
3528
2535
4852
5589
1414
9468
9519
3316
1303
5141
4504
5604
4436
6723
3564
2044
6084
3690
8609
7627
7197
2309
3851
9733
8201
4800
8790
3846
8883
6786
7543
5837
2107
7949
2219
9990
4559
8431
4267
5806
9121
2054
6640
4177
2587
8049
4062
6476
4556
8519
5482
4010
8277
4372
6432
2987
2036
6307
1561
9178
8307
2943
2137
7834
9913
5251
1630
4091
9966
1430
2987
9917
4207
5659
7412
8086
6852
9315
5651
7204
1852
5748
4436
5247
2904
7114
7247
7142
6843
1412
6384
6249
5600
6369
4141
8526
3365
8423
6909
6270
7371
6368
5789
6892
9476
3902
5843
5515
2643
8455
5787
9880
2480
8666
5360
1349
1132
1837
4740
8849
5518
3862
1144
8991
8778
4947
9229
3405
1588
9343
6465
1585
7770
3541
7352
9431
3289
3318
1113
2065
7317
2454
9919
7444
8552
2751
4172
3502
4551
9112
6101
5932
2417
7950
3074
9973
9471
2431
6862
4238
7885
3851
5531
2461
6830
6493
4781
9060
1000
1785
1312
1316
2153
1955
6026
8178
1442
9425
3653
9539
2261
9636
5891
4648
2988
7144
8301
3237
6065
3994
7108
4922
4978
9278
2899
6002
8149
5299
1056
6537
1300
1271
8145
5855
9996
1115
9654
8055
6135
7493
1787
6383
5972
8255
6392
4658
8304
6911
8882
3944
6906
4331
6597
7713
2531
2624
9186
6522
8587
2643
6861
7111
5926
3652
6459
3863
3320
4212
5253
5478
6841
7259
3013
4841
5812
6642
1734
6495
9644
1683
1566
4641
2537
6687
8472
3318
5374
4586
5237
5903
4437
4966
9018
2639
2962
4921
4679
4359
7803
6760
3935
3026
4151
5080
9794
6613
4285
9914
8578
5728
6153
6332
4047
5326
6344
4812
7148
8825
1587
7685
2111
2290
3321
1395
9941
9184
4272
3658
5514
4533
8975
7362
4283
1298
9888
7028
5820
9383
2173
6799
4967
1060
6756
4648
1966
1916
5036
3087
5345
7629
1264
6468
2142
6316
5242
6622
9559
6391
1870
7622
7240
6678
3917
6483
8931
3823
1725
4715
8917
8446
2956
2114
4402
3100
9282
2547
8042
6367
5854
2767
5138
6026
9542
4916
3230
6067
2113
4324
6750
8185
8038
6752
1438
4657
8464
1517
7287
8526
5836
6514
9732
4125
1444
4746
4033
6784
1189
1757
9101
1117
9227
6511
4967
5846
8806
2811
7701
7854
8469
6599
3371
9796
2132
9679
5345
2062
6463
8488
2261
4971
4608
2834
8005
4594
4246
5713
9548
3258
6690
5095
6971
6125
2566
9119
7003
8764
6516
4917
1722
6206
1218
3871
5362
6267
6499
6659
1619
3076
9443
1732
7656
4183
6584
9685
3518
2391
2569
8278
3683
2513
4654
9886
3594
6684
1271
1704
1624
3004
8363
7700
8908
2667
6626
4802
6499
7063
4731
3626
5468
5777
2060
5202
9123
9329
2095
5222
9134
1641
2620
3279
6230
6944
4570
7114
4838
4599
1356
9484
6537
3166
1480
9016
4280
2287
7560
3316
7481
1121
7523
1658
9484
4089
4113
6011
2023
8679
7962
2404
5593
3466
8842
7174
6595
8487
1995
6982
5154
5898
3329
5752
1856
3823
2573
2215
4063
1273
3738
5100
5330
5920
3684
7798
1401
6995
2825
3405
4856
7106
4548
8015
6147
4871
2960
8709
8370
4274
7666
7880
9331
9392
3060
1032
5463
1553
9692
4573
9416
6713
2173
2254
8958
3769
7188
2719
8676
6709
5171
4645
9821
5986
2412
4311
6568
8571
1041
5307
8176
8041
1981
6524
6159
2509
1421
7068
9679
8633
3297
1898
9473
4546
9722
2656
9590
8291
8025
1959
4103
1333
9254
1545
7929
3180
3873
6788
2927
3484
8311
3886
3720
2873
4597
8313
2813
1508
6623
5934
2538
7897
4831
1423
7563
9670
9070
7058
5550
2181
2899
8330
9763
4192
4556
7116
5993
7988
3670
5326
1777
3078
6496
8069
2258
4259
9010
6525
5099
4780
7731
1221
8158
7470
7935
1222
3371
4239
4838
2907
2960
9986
8785
2416
4005
8733
2406
1646
4289
6607
6638
3642
4366
2915
4030
3492
4756
1742
3552
8204
1400
7072
8411
7077
9495
2511
7625
4547
7433
3796
9405
3611
1911
5775
9445
9609
3721
7957
3363
1594
8904
3746
4398
5781
8879
8383
1244
3502
2250
5354
8518
2507
8740
5203
8346
6013
8558
2673
8127
9846
1369
9443
6468
6604
3481
2467
2955
3188
1440
3854
5796
9257
6752
5110
8511
6656
3761
4169
2089
4653
6104
2752
9168
3697
3016
7113
5453
5721
8136
9099
4158
4343
2837
4090
4142
2783
7958
9106
2427
2362
5700
3990
6716
8837
6560
4970
5220
5362
7300
4108
6011
8748
6254
6698
2449
6340
5961
3693
7149
8195
7889
1283
2149
6633
4823
4463
1179
8687
9747
2973
1084
2643
2628
6395
1791
3493
5638
7019
8049
6370
6117
7313
4297
7546
2057
5758
4265
8442
1569
3392
5318
8999
9849
2184
3655
6329
9771
1702
4552
8843
9269
8370
6184
5941
5309
3773
5168
5859
6795
1878
4458
5220
7968
9905
5647
7749
2262
9345
6324
3345
1271
8650
7301
6446
3664
4355
9024
5038
1348
8771
2418
1901
1980
5410
8769
8784
8478
1210
8847
3374
1502
9656
4360
7428
7001
2993
2848
7032
6080
2798
9292
1505
8695
8520
6306
2943
6912
5783
4253
2240
5628
5846
9476
7941
8159
3707
9727
8751
4478
7368
2902
2622
9637
3626
5386
5402
4571
7615
2202
6046
2950
9433
8300
6346
1772
8524
1898
8029
7046
9521
2707
1290
2324
9895
5055
1848
2422
9475
2279
1048
2831
9765
5444
2082
4888
6686
2943
8001
3400
2219
3702
2924
5619
1150
4444
4847
3747
3000
8023
8834
1952
9765
2746
7830
8291
3999
4962
2132
4547
9733
4373
7613
4200
5862
2777
1805
7829
2355
3788
4660
2183
7892
3054
4014
6976
3454
7818
2238
5463
8671
3849
6427
1707
4609
8237
1100
4126
2364
8155
2009
4266
5591
5504
2430
7784
8929
7041
3259
9601
2285
8796
6563
3838
2360
9977
4095
9344
6317
7159
4437
1809
9680
4549
8850
8266
6741
2616
7526
1520
1544
9015
4396
2072
3126
4635
6701
4032
8564
3406
9278
4412
7709
9321
2293
2520
8340
3673
5248
1262
2919
4507
1791
3979
9577
1425
6396
8416
3172
7396
2918
9337
3845
6686
3243
9703
1823
2311
3019
6235
4718
4649
8666
7668
6410
5116
2431
7531
5143
9378
1583
7896
5784
9288
6787
1683
6735
1309
1501
9341
4663
2691
4239
2844
9152
4688
8134
2672
7678
8001
7798
8347
7849
9113
4356
8543
1173
5005
6395
3395
3550
3774
5926
7070
3179
2811
3910
4313
9638
5002
7966
4098
7749
7508
9384
2776
7579
8250
5146
5214
8659
5458
4619
4085
3997
4138
8350
1355
4887
2373
7346
3611
9428
2231
3656
8450
3657
7231
5402
8075
5172
3614
6873
9094
2068
3914
8680
2524
5814
3874
9395
4523
4102
2615
8565
7056
7593
7343
1203
2276
5916
7127
3640
1608
5918
2231
2828
7197
4181
6713
7352
1776
1401
4565
8984
7633
8518
5504
7628
8546
6512
4376
5266
1850
7205
7013
3869
9490
3350
1175
5041
8893
8740
2406
3423
1470
4206
1593
9810
8335
5691
5296
4092
9565
7209
6779
8307
7094
1103
8248
7443
4073
4057
8499
4563
8698
4577
2237
5947
9236
7838
1736
8514
9590
2787
1484
4204
4422
5380
7294
3534
7804
2527
2294
7696
9972
1772
3667
7331
5393
9957
9176
9548
5917
9577
1726
9701
3595
1889
3238
9150
3306
7222
9829
6585
5518
1507
6404
8597
5621
6803
6599
2669
5458
1192
3429
2280
9393
7302
7381
7025
3568
1158
8548
7525
8591
6938
7746
1856
4283
9428
3819
9861
1294
2172
3267
8448
1236
5532
7568
1605
5390
6489
9702
6224
6153
8863
3045
1411
8556
8137
6159
8239
2801
8761
3018
7457
2508
5050
9854
3207
5835
8220
5867
8788
9985
2638
6031
7746
9396
3277
3001
4844
5342
8557
6941
2415
9440
8427
3717
9668
4627
6459
1173
9366
3713
1014
8474
2939
8357
4698
6406
5671
2312
4523
3986
2063
1782
6689
3984
2564
7345
6353
9980
4141
4385
2710
4988
5488
5014
5032
6023
5594
4476
1121
1845
7868
1086
3285
7731
9250
7770
2611
7942
4454
6225
8056
2739
7518
5257
7205
7789
4341
7124
5844
1852
6575
1752
4869
6873
1245
9525
9186
1678
4432
8654
7555
6742
2551
8903
1326
1072
5404
8866
3711
9436
7500
5261
2874
3768
5582
2717
8313
7747
3669
7785
5125
4626
1456
2656
3905
3858
5084
8176
6334
7810
3078
2629
7314
5645
1902
4185
1643
3645
4610
8063
4386
5314
1610
3693
9632
9634
7581
5632
5789
5438
8989
1655
9143
6780
8299
2616
5413
9396
9487
4890
4265
9363
7769
9459
9180
4930
8360
8897
1873
7865
4578
7007
1983
2894
9308
6413
1693
2534
3250
6120
6278
4167
6546
9014
3703
8244
8041
8306
5079
1148
6174
2448
9708
6821
6839
8502
7869
3212
2414
1961
2103
8629
1406
1997
6169
7637
1873
9261
6194
7128
4218
8620
5594
4109
3718
1538
6568
6980
2715
8080
5590
1470
4082
6194
1103
1063
5199
3418
7048
1894
9234
1569
4597
3174
5184
5504
5039
9627
4703
6488
4408
3591
8308
5216
6849
8293
5897
9614
7922
2195
5643
2133
1368
6315
5002
3000
4596
4096
1729
3968
8976
2772
5786
5985
2576
3113
1256
7628
4433
2054
6756
9052
6342
4514
8828
5752
2182
9047
3670
5990
5909
7029
5313
8251
6172
9719
4952
7542
9460
3841
5758
7148
7142
3264
6528
8784
5198
3436
9692
4282
8129
9320
1041
3396
8980
1047
5387
5132
1718
5107
8544
8119
9366
8564
9026
8772
4592
6900
6258
3532
4807
7249
2978
6393
8859
7313
9583
7409
3023
4202
6507
4167
4015
1858
4970
7862
1669
4840
3821
9987
7321
8738
4272
8151
1247
5931
6220
5475
1271
9837
2079
2298
3214
9679
9111
6418
8696
2633
1718
4300
5745
5422
6769
5516
8805
5409
4860
5449
1003
8017
8633
9871
2736
1354
8877
6623
8995
7609
5767
6109
2374
1018
2877
4649
9505
1006
4006
9948
3310
6897
4121
4924
6504
4904
9991
6228
4629
4080
8421
5929
5629
3207
3458
9840
4959
3691
4185
5028
6521
9021
2769
2768
1316
4357
3997
6524
8006
3034
2162
7160
3729
2739
9622
7406
1437
8252
6927
4631
2206
2118
9355
2000
4701
9438
5417
5820
4383
6798
5745
1144
2269
7789
6763
8252
9388
4095
5254
2380
9824
8672
7111
2626
1600
9599
9302
7503
7153
1929
8337
6259
9818
3844
2770
5760
2377
2472
2315
8183
5039
6577
4809
7734
8128
9280
3393
2501
4925
2989
8830
7471
1157
7690
9225
9101
9178
7289
3181
3160
8731
1784
1260
5478
4934
2922
5816
3248
8472
1836
1786
2396
8262
4652
2695
5997
1904
4511
9365
2759
8416
4653
1516
7254
2187
6134
6812
2154
8038
1999
9869
6394
1289
9732
1952
9278
2287
2583
3621
5762
8700
6115
7103
3729
8606
3433
4642
2471
8592
7399
3904
1777
2197
5439
3397
8995
7517
9855
7820
3598
8396
4476
3212
4788
4659
4188
2475
5524
6634
5781
6264
7184
8165
2096
9433
9964
4408
4889
8703
7966
4270
6865
5143
2994
8890
6452
1454
9791
5908
7783
6847
4240
5271
5479
6708
5440
4337
1566
4847
4282
1483
5085
8263
3522
3317
6869
6568
3216
4959
2966
7339
7759
5785
2558
2665
7667
1340
7871
4958
5082
6762
5846
1146
1294
6454
9125
3592
2492
2934
4360
5043
4263
2529
9818
2958
9952
2578
3182
7047
3563
5800
5377
3753
5555
8893
9987
5008
7648
9508
7121
2550
6427
6523
8316
8438
1561
9222
3116
9056
8340
9386
9454
9537
8728
5064
5269
9806
3640
8677
2074
5785
2931
5248
1910
8165
8009
2521
7304
6851
6743
6447
9100
6829
9015
1363
5782
9772
1571
1494
6153
4542
4063
7018
2107
5224
8351
7211
5391
1353
5793
2887
6367
4815
6155
9154
5544
1832
3645
4463
3703
6396
8061
5776
4879
6674
5731
6650
1417
8683
9631
9994
7154
1475
7992
8915
3538
2859
6664
2155
4797
5819
8088
3770
6501
8987
7429
9277
2115
5648
8212
8150
5675
4381
2738
1941
4385
3318
6273
8924
6275
8037
1780
1149
6012
1051
2979
1127
5952
2913
1980
7779
4826
5575
1541
7210
8619
3340
8831
8649
5008
7406
4914
6970
1241
7459
2165
5441
7775
6077
3805
4194
4035
4032
8744
6919
8731
4366
5249
7462
1937
7440
5229
7786
5374
7550
1383
1781
5458
8299
5644
7553
1209
4870
6031
2983
5248
6241
8666
2754
5890
4488
8983
5330
1429
2660
8234
2396
2304
9241
2419
9124
2952
5617
1585
2646
3710
2515
7340
7738
8530
9786
7061
7334
6578
5215
7947
9158
4861
6465
8459
9664
5571
1255
2031
7579
1261
2536
9339
8008
2977
4772
1038
6911
1243
9118
5197
7271
1746
3305
3726
8107
8878
2435
3007
4227
7603
9222
3527
6650
6160
5234
5801
2502
6625
5449
8299
5329
4349
5101
5709
2051
5644
5044
3089
4465
3965
1878
2813
8911
8410
9490
5485
5228
4229
9788
2577
9573
4752
4734
3156
3024
1359
2114
8940
2203
4016
1709
3630
7666
4258
6894
9137
7233
1568
7877
2928
8719
7461
1895
8374
2613
7690
3145
6820
6378
5721
4229
8297
7380
9221
4865
7691
3869
2424
9268
5556
5195
4545
5161
2143
4260
4720
6513
8958
7425
9041
9745
6506
4715
6652
1891
3485
1638
6752
6159
6428
1066
6542
5997
5031
3235
4372
7509
1048
7007
8347
8774
4505
3588
6149
2185
2024
2542
3947
3874
4901
9459
6192
4912
4220
1054
8565
3996
5630
4769
9952
3363
5835
2590
4662
2134
7333
8890
5075
4288
7323
3588
6814
1245
8051
5526
4453
2192
1229
6288
8091
1559
9076
4824
5330
8809
7672
3639
5170
5947
4650
5320
1976
1349
9274
7540
3048
5743
5792
4819
4104
5337
4788
2617
7275
2508
6027
5243
3541
1221
2452
5531
2130
5804
9254
6308
6902
2311
8018
6419
7341
3266
2331
6509
9267
4247
4989
5430
8079
5656
8653
8261
5980
2578
9758
2029
2420
3071
3476
3403
9626
7178
3741
8340
9015
5586
7762
5905
8840
7890
8690
3766
1464
5532
7123
9311
2102
4498
3809
9180
2705
5485
5974
8894
3296
6295
8769
1382
3329
6267
3071
3353
1640
8550
4018
4380
9295
8924
8884
1895
3163
5922
2529
7572
2272
6625
4070
5830
5666
7997
3925
2664
7962
1595
1118
7205
9103
3784
6580
5087
1178
8922
6384
2443
5595
3899
4203
9119
7236
7834
9720
3042
5698
4633
3144
3604
7616
5011
3506
4330
1725
3521
6227
3943
8847
6601
2202
7984
9982
8376
9084
3219
4606
1064
2505
7370
8274
4763
6627
9667
7236
5872
8399
8641
5344
4438
8346
2068
6601
1759
6122
8725
8633
8032
1828
2092
1419
3220
1137
9550
7050
1482
2750
8307
1078
8561
4680
9479
1834
3323
2312
9220
5307
8784
9658
9947
5518
2350
5730
3008
5213
7970
7166
2019
4845
1220
3073
7395
9288
2265
2552
2342
2293
3088
5419
5912
2928
4166
7154
7641
3053
7563
5760
8317
7351
2821
8951
5569
6174
5834
8144
4844
4665
6032
2626
5275
9850
1325
5558
8445
8652
3957
6966
5927
1768
2676
2982
9440
9083
5483
6251
9423
7632
5008
5280
3873
9054
1742
7321
8586
2656
4271
9348
9472
7032
3609
6846
4317
2850
7075
4159
5855
1757
4245
4403
1945
6722
3630
4616
7962
8130
8578
6125
7797
2466
5600
6834
4127
9676
1779
5818
8750
6154
2320
5495
5052
5860
8725
7179
9017
4146
5076
5491
6392
4614
2138
6148
3647
1013
8255
4132
6676
8822
7122
5168
5601
5286
2334
7646
8145
3886
2486
6750
9589
5011
7539
8314
9769
7452
9266
4976
5155
5053
1484
3929
8486
3117
7392
4811
7707
5825
7599
4430
4920
4681
3150
4129
7640
1344
6295
9461
2075
1604
8658
6191
5000
8444
7432
6021
8873
4940
1546
4403
4841
9765
1829
5936
8248
2187
9169
7123
1832
1658
9027
7476
1132
7144
3859
9848
8400
1554
2295
7154
2317
1569
9050
1029
4676
9203
8215
7533
9528
5177
2166
5536
7858
5615
5025
5282
1993
5038
4614
9579
4055
6030
8196
1775
9187
7660
1215
7308
4923
7482
7260
3906
6082
7692
5803
7230
9303
2545
4675
1449
8516
7695
9986
5655
8777
3196
2199
5699
8128
2316
4762
3843
9978
9480
6935
3078
9031
1013
9412
9983
8453
5700
9914
2886
3772
5922
2079
3335
6319
4153
2845
6852
7790
3031
9350
3576
5831
2293
3356
8547
5505
9750
7848
3642
5820
2228
5889
4757
5788
3524
1038
4168
8587
1764
1632
7217
9265
6794
7209
6350
5151
6863
1789
7616
6769
6538
2758
3649
9269
8928
8055
1833
7890
9765
1863
3737
8033
7154
1778
1835
2190
4323
4537
4573
3143
2226
5810
8810
1369
2646
3379
4446
8617
1837
1703
5907
3760
3853
3948
7591
3444
7417
2488
6778
5268
4339
4013
6617
6276
6873
8015
3509
9041
3691
8937
7799
1935
7530
6378
7586
1932
6829
2961
4926
2293
9924
7911
5637
6883
7283
3945
2355
1081
6503
9164
3856
1300
5698
6650
2188
7627
5604
6442
2726
9636
6541
4756
4863
7382
3523
2992
3432
5257
6564
3309
4485
6241
8100
1862
7707
2740
4063
5092
1683
2989
9333
1429
5230
6777
5511
2925
8985
2344
4133
4641
4976
6559
4810
9332
5923
7103
9209
2597
5526
3744
5938
2315
7946
2386
1494
9507
6886
7895
7577
7824
6163
4810
2706
1841
3850
4648
5457
8474
6223
6355
1522
6691
2903
9502
4735
5605
3305
9937
6903
7272
5934
2953
3966
1728
8570
7613
8614
9189
2422
1297
2921
9522
4368
4663
7642
2376
9192
6058
5600
3459
9491
9712
1447
9390
7354
7345
3919
8785
3173
2347
7813
7264
5875
5808
7932
1746
7510
2237
9699
8594
5319
2830
6011
3343
9365
8819
9089
7582
9224
8681
9873
3898
2876
8143
7355
5163
4858
7759
8431
4027
2503
6983
7993
3826
4067
1582
4023
8123
5740
7694
5815
6172
6566
2164
4955
7291
1725
1301
5960
3921
5885
3850
5091
6935
7108
2702
3554
3335
1613
8054
5567
3984
3976
9019
5850
5444
5412
9564
4948
2847
9482
4496
5094
4863
8964
4207
6429
2287
3356
4747
8267
9485
2044
8848
6353
6701
8026
3716
9093
5285
5409
4839
7360
5830
9450
7640
6196
6559
4876
5129
6987
3715
4651
4810
5961
6942
2152
3146
5065
9385
7736
3522
5414
9889
8047
8421
7897
4827
6615
2476
3096
1054
6807
3823
1566
9585
5028
6966
2287
1107
6215
8198
2277
5474
7496
5690
8216
4181
7286
2390
2321
3279
9886
4842
4164
8143
4692
3070
7173
9111
9253
9358
5002
3073
6589
9563
3257
5420
7836
5608
6611
2503
1337
7213
4944
6139
6433
3608
8617
2322
9281
4160
1942
5708
6415
3708
9530
5581
4235
8685
1120
8031
9562
3708
6552
9976
7768
3272
5008
3409
7935
8859
8575
6040
8300
8533
1471
4773
1353
7233
2544
3378
7133
2436
8132
9137
2433
2453
3915
9467
6733
7515
8839
5371
1797
2748
9045
3774
7310
8410
3911
2124
9760
2277
5020
7463
8561
2423
2782
3971
3005
8899
2437
7932
3706
6317
6353
9191
2247
8217
4046
3194
7966
7062
7105
4351
9729
5083
8468
8171
8185
9421
9254
2949
3127
2838
6461
2304
5646
7829
1822
2876
6559
1530
4392
4338
6017
8759
2268
9464
4212
4032
7913
5815
5104
9250
1030
1745
3526
9222
5380
1336
8158
2255
7925
4065
7307
1775
8961
3286
7166
9266
8536
9693
2088
2821
7928
4835
4862
9079
8340
1215
1135
5283
5964
9431
6914
3360
2161
4440
2676
3871
2489
3639
5318
8965
4733
5997
3592
7068
4467
8906
2079
1033
9027
9168
3539
5225
4917
3278
6675
8787
4387
2378
5938
5227
6523
6523
6551
4908
3482
4008
8137
7312
4374
5098
9732
3103
9386
5240
6815
2844
4261
3944
2508
7523
8280
3385
7364
6126
4691
4243
1263
3807
7167
4453
2935
8963
3240
8750
1810
4394
9333
6153
1835
2509
8439
5581
3033
3315
8303
9555
6025
1886
7271
3477
4721
3921
1000
1982
1821
7106
2622
5634
9518
7372
2792
5099
5360
8383
7717
7592
1787
2500
4591
4709
7164
5595
7496
9554
3982
1420
2949
2948
9990
5818
7919
2759
1728
2579
1878
1611
4190
4897
8120
4245
7035
6621
5844
1061
7969
3080
1757
2208
4405
3245
4871
5220
6701
8769
4307
5155
3424
7479
3212
8440
1266
5748
5144
1909
8083
9279
2319
9716
7995
5811
2283
5244
1193
5676
9228
1254
2534
5402
5563
1698
7542
7811
3013
6478
7994
1428
1850
8674
7458
2758
3868
9967
9722
3228
4392
8669
5646
1669
2185
4414
3931
6428
6469
8290
9001
2444
1422
5618
2207
2249
7889
6430
8622
6120
5957
3523
2747
6847
6969
5695
2305
8464
9981
9061
3969
8345
5605
6918
3705
9426
9945
3608
6320
3856
6521
5013
8243
4048
5206
2120
2214
6318
5263
5499
9983
8569
1130
4370
3396
7498
8288
2431
2776
6032
2653
9788
4393
3543
8792
4340
3117
1070
4903
8074
3008
6794
9927
1291
8045
8754
7815
7383
7566
7910
7465
6145
4177
2465
5142
1172
1400
1510
4688
4359
2214
9164
8120
1557
8097
2098
2795
9817
4713
5152
4108
2212
8363
2586
7852
6614
1564
8928
4036
5696
6420
3387
6941
4124
6900
6027
6626
9342
4126
8799
7029
1091
1546
4004
2443
1480
4472
1550
4056
2146
5773
9254
6466
7448
7359
3643
4160
7717
1751
8988
4824
6787
6193
1273
2672
6780
5536
2105
6457
7593
4377
3039
8058
6264
4991
5928
7164
7231
5101
7497
9815
7901
4253
7839
5123
2842
9847
4912
5852
7203
7290
7022
9617
9945
5864
3564
7082
4858
9538
9411
7979
1125
1812
2453
5454
7921
9707
2125
5072
9543
6009
3660
3121
9878
2167
7575
4139
7196
7901
4463
4338
8367
9584
9035
3267
6320
8845
7432
2492
8635
3607
6306
3682
3805
3755
5673
6250
5350
2663
5021
5334
7575
2088
9764
7985
2831
4536
7967
9662
3053
8234
6343
4327
2663
2575
3159
1365
8165
2945
8051
5820
2780
1286
6358
5464
5782
3778
2496
7661
6295
3800
3330
5060
7957
9199
5424
3161
3423
9678
9059
2069
7020
4576
3096
1221
9723
4480
3938
4597
7036
3415
4517
2968
8129
8062
5606
3527
3023
9466
7015
9273
6096
5311
1730
5662
6447
2168
7072
4018
7321
3902
8442
6017
7226
7154
9817
6295
4288
9300
7266
5387
3118
3646
5179
5366
8530
8741
2299
6764
2761
6317
7692
6773
8605
7814
3021
3466
9206
8372
9069
2188
4220
2385
9433
3878
6519
5470
3632
1560
5533
1470
4431
4312
9575
9071
8141
5528
5039
2282
7221
9587
5826
7656
3631
1866
5150
5487
1992
1561
9382
9571
7343
8948
8663
2959
9987
3297
2038
7329
1973
1640
3217
1428
9345
2135
3762
7735
3319
9370
3662
5438
9269
6323
9454
6423
4302
4221
5703
8256
9740
2047
3829
8963
2052
2812
7196
3404
7660
2427
1935
7686
5645
9513
4803
8409
9934
8858
4425
5324
2214
6524
1234
8623
5038
1868
1280
8769
2801
6726
6654
2034
5375
7597
4969
3635
1504
9495
9698
8595
9803
9715
5296
6464
2889
3579
2405
7969
2964
6505
4629
3447
6417
2839
7739
3234
1250
3628
4190
8330
7281
9553
7134
1718
8911
2700
1111
7418
2400
3659
2864
8308
5748
4048
9978
7812
9093
2124
2794
8070
7110
9722
7555
1913
8634
4701
7957
4651
2906
6402
4901
8664
1585
3370
8949
4338
1743
2763
4840
5131
6933
7075
4834
5928
2485
1134
6607
1376
1949
7988
8182
9477
9157
9215
6665
5566
5347
5802
2683
9659
6866
8226
7498
8613
2274
6713
4427
5837
4115
6465
1581
1411
2364
4412
8813
2926
2794
3439
8241
4291
9070
7708
2559
9075
6034
9439
7942
1643
1774
8661
1352
1862
4118
9254
6619
1335
5492
5183
4739
9724
5246
7426
6251
5097
9061
8424
6312
1630
8094
7237
7706
4315
8227
6243
9918
2122
6785
5878
7630
4633
6153
9926
7703
8291
7563
8745
8525
4232
7098
7856
7226
6224
1004
1038
9161
9714
2117
8986
7799
4789
5271
4979
7370
5166
8345
8325
6103
1880
9413
8046
5867
3186
3233
9128
2837
6280
2015
8335
5312
9338
1217
9938
9770
6096
4582
4517
2289
4806
5038
6987
1301
4496
2255
3492
2875
4337
5779
5580
4166
1379
7595
9308
8952
5677
7766
3690
7783
4428
7455
3794
9148
4399
9187
1171
6999
8379
1393
2077
1102
6190
8795
1308
2756
3303
5826
8962
1031
5042
9309
7680
4882
5238
3625
7574
9465
4479
3879
1389
7690
7735
1050
1772
4601
7712
6706
8002
7562
8162
2933
2245
7839
8885
3145
7011
4217
1616
3725
6053
1646
9082
1409
5390
4435
7648
8877
4060
4768
4099
7223
4992
2380
2984
7937
2831
9691
9133
5536
3674
1368
5106
2977
4251
8529
5409
8161
5706
1261
2661
4032
8830
5221
4674
4625
5633
7774
4079
8999
3263
6961
6322
7716
4842
2838
5617
5940
3793
3329
1746
6540
4486
3543
5606
2027
1048
3820
5973
2385
5066
8548
7315
4240
7321
4282
1752
5676
7657
8650
5525
9102
4876
4457
9956
9900
1209
4714
5430
1694
6458
3317
2799
7969
1007
9445
1554
6307
8927
6812
8138
6609
8258
1738
6812
3216
3710
3800
4979
1485
5829
4944
1241
3158
7138
5512
1919
9519
7728
6334
5111
3397
9139
6463
7786
1897
3689
3156
5586
9973
7636
3287
2571
5570
1459
5739
5598
4149
2543
4976
2202
2273
8333
7063
7331
3513
1057
4952
7312
8236
8314
9637
9662
7552
6399
7104
4908
6036
2105
3812
4416
5755
4062
3156
4386
1127
1314
4047
7262
2153
1663
2499
8132
4532
9095
6581
9764
9663
2274
3157
2943
3438
3340
9126
8851
7709
3824
5305
6137
1967
7378
8483
6401
8338
5403
8063
9029
4888
8213
4483
1497
6614
5339
8981
7117
7099
2009
3911
9487
3891
7757
2959
2609
4294
5632
3666
8282
9894
6824
4131
2705
7066
4994
8774
2334
2068
1110
8234
8194
5329
2410
9786
7896
1999
1941
2699
5660
9181
3254
3516
3308
8928
6977
4086
4702
4435
2645
9717
9374
1130
6439
6419
1828
3098
5505
4757
1232
5913
3434
2929
3969
5837
5920
9641
3574
3843
3694
4928
1521
7320
5972
2942
2416
2892
5434
1614
6338
4552
7728
4230
6825
8569
3980
9222
2651
2672
5866
4360
9900
1462
7988
1193
6508
9361
6354
4461
3943
2856
7753
4968
2193
9985
8162
3734
7979
6598
4599
6619
3329
7782
1822
3075
4976
2034
8107
2764
8658
2466
3298
8482
9148
1531
6790
8750
8653
5095
8474
2923
5303
3060
9760
2005
6132
9487
7144
4192
3728
8351
4813
1589
5362
9670
9468
4835
3639
6501
7453
1991
8930
7953
3515
6047
3568
8020
2222
5887
9597
4416
8888
5449
6198
9861
8295
9035
3476
2623
5101
8842
3686
7946
4450
3322
8137
7666
4120
1398
2735
4088
1100
3794
2653
9254
3597
2066
8139
5482
8011
7508
1488
8339
2341
5145
7796
9514
1669
9603
5250
6172
9383
6304
3681
4089
8923
1779
2444
4438
2369
3549
7419
8156
5974
3344
5529
8239
1123
7716
7657
6912
9420
5189
5575
5309
5859
5714
7595
8132
4592
4545
5722
7828
2672
8024
6296
6488
7020
3779
7710
4309
6061
5299
3881
4953
4075
1007
4207
9122
8668
5835
1353
7546
1506
6786
2641
8736
9597
9653
3757
2627
1352
1894
9832
4470
8593
6254
7797
1679
5428
8228
5704
1912
2575
4536
8170
2921
2690
5359
6043
1546
8894
8319
8059
7612
1720
6021
7923
9692
1582
3981
7951
3710
1221
3803
7638
5161
6572
7772
3727
7858
3037
9891
5776
3544
4403
5253
8252
5455
2682
8488
7612
8829
9638
3428
5316
6847
1828
5967
9505
5432
9358
2978
1797
8115
2431
3158
3936
2016
8146
3038
3968
4932
8009
4408
7692
6174
1235
1468
4289
3441
1143
8138
5067
5673
7070
1990
4389
8946
7258
1591
8340
5626
7678
9069
2000
4025
5119
1158
4430
8067
1379
9612
5401
2524
1757
6809
7995
4196
5701
2845
3477
6955
7350
7109
2819
4683
6528
5112
5578
3845
8816
8124
1283
9928
1481
1114
2908
6283
9167
4134
8194
6229
4468
7093
5670
1085
2071
6691
4672
4152
5088
7803
8626
2762
2967
3307
1763
3381
9573
2007
1244
8339
3781
9001
7364
6424
8882
6026
9559
2981
1774
1130
4828
3725
9700
9392
3292
2958
7210
2965
8482
7859
8937
6890
3936
1557
8107
9704
2666
7842
2653
9046
1867
6602
4230
3823
4068
6070
2754
4505
9826
7293
9429
6311
1402
4785
1337
4976
5344
6538
8657
5413
5047
5683
7203
3098
7046
2895
7170
2865
3329
6443
2865
2893
2680
8875
2590
3701
9355
4245
3847
4582
8172
8715
6373
6003
4342
7987
5985
9428
7816
5004
3685
7525
5354
3161
4830
7216
5473
2496
9490
3213
2312
5749
5420
1124
5480
5476
3884
1118
5019
5775
8649
5054
1024
7829
4870
1463
8863
5569
4113
3199
7759
8580
6062
8778
3612
8896
1965
8023
5370
4728
6490
3428
8616
6352
3639
7981
4508
1651
4835
8016
9492
9521
2060
5547
3460
8998
9414
1105
3406
1218
9321
9130
8165
6285
6248
3448
5599
4817
2612
4226
2362
1967
8916
5365
5633
4602
3556
2647
2195
7734
1661
1804
1559
8362
6516
8257
1374
4886
1553
4049
2288
4111
4982
7729
1180
1634
1258
7248
6481
1635
8543
6263
7965
9790
4133
3961
7093
9712
4583
1467
1255
4601
2001
9740
9309
6810
2198
4638
5176
4390
9717
8802
4160
6481
8038
2246
6273
2618
9205
1232
6119
7775
7392
6484
5614
2346
6870
8890
4916
9298
9364
3692
3631
4877
2948
5037
8000
5348
6456
5617
2808
2558
3419
4088
5578
3945
3643
4486
8536
5632
6335
3867
2103
5893
6052
7382
4192
9876
5073
4269
2651
3316
1002
1978
2055
4747
7483
2239
6654
5795
9321
5180
4207
7834
5442
4144
8390
3961
3451
1919
6195
1398
1258
4162
6436
4579
3044
6601
6377
5240
5973
3362
6583
5238
4762
5232
7321
1271
3303
4474
4144
2316
5675
4254
2328
2081
6703
6892
6837
6465
3539
6699
2300
4747
6918
3169
9751
6026
8886
2031
6771
7633
2992
9390
6355
4347
1210
4278
6299
9245
5557
6327
6905
2100
1329
3106
6987
2589
6117
7250
5526
9151
2690
7395
4819
1503
6409
2983
5187
8374
2890
8106
8450
2748
4906
9470
1612
2275
7916
8477
3828
2217
2182
7148
5983
4371
1822
8943
8797
7213
3972
3319
3508
7633
2315
1123
4916
6213
2926
2267
3090
3234
7558
3025
5711
7780
6523
9773
8182
7860
6077
1786
1798
9143
1837
9176
1839
5500
2246
1154
1996
7845
6321
9571
1859
5854
3273
7094
1162
6253
4474
6685
9391
4304
6632
3493
9228
4339
6692
9610
6657
3132
8192
9642
6585
5302
2631
9854
8677
1645
4767
1280
7137
8670
4060
9326
9818
8904
9163
1985
1418
5256
5474
8243
9678
2953
1810
8218
6684
2417
4957
8062
7060
1825
4005
8554
7106
5783
1867
5096
2818
1013
7964
7596
9600
9930
8201
3316
7851
1269
2238
2430
2820
2471
9397
8849
2282
8941
9419
9413
8958
9572
6244
1510
4926
8590
2869
5570
8425
5997
2612
3051
3986
7586
3520
5964
6978
8977
8311
3346
3275
2545
4951
1524
1323
4571
3653
2532
2333
1932
4568
7609
7496
4331
9399
9971
2724
8787
3946
2129
3784
5172
9582
8879
8857
3811
5480
5821
8638
9147
5670
9339
3529
3575
5408
3412
9154
4870
9914
6768
3617
1393
2703
3767
1515
3034
1881
1403
3266
9181
5361
4846
9552
9634
2579
1059
4840
8355
7898
7182
3424
4696
3369
3659
4082
5360
2967
6977
4362
3352
5175
2380
6257
5633
1256
3340
1678
6970
9416
5144
9396
6912
8529
5350
3147
7515
7945
5725
6871
4643
9967
8356
9248
2642
7066
6775
6097
6159
5809
8039
3530
8483
6939
3191
5450
2616
4177
3745
8471
2012
6484
9187
7776
4167
3266
8008
8754
6476
6769
3868
3251
8996
5624
8834
3720
9769
1895
9627
1716
8700
4091
7141
5449
3017
5853
9671
9085
9260
1348
5815
5766
9074
2697
4356
8259
5452
9096
7753
4951
9264
5009
3922
1188
4875
6653
1877
2603
5621
8887
2445
4856
5934
6502
5396
5489
5232
5790
6556
9911
4729
5339
8621
7056
4563
9732
8465
7744
3133
2778
1940
6612
1835
4869
7490
4103
8849
7863
9106
1519
4376
8345
7805
1750
8518
7162
1798
3263
3163
9001
3304
4489
1168
8015
2881
9386
5758
6614
4391
3299
3762
6369
8315
8110
7719
8460
2945
4748
6335
9938
4550
4145
5842
7498
5778
4322
1976
2007
9024
3410
3197
9858
3028
2249
4995
5397
1055
1544
6020
7190
9056
6916
5581
5905
4585
4853
5805
2357
4764
7656
1996
6238
7954
5918
4209
5147
6638
1505
9528
2587
8998
6989
1950
8892
3056
3615
8249
7009
4154
9092
5119
4554
8480
9336
6779
4864
6430
3622
6787
3630
9660
6084
3978
5362
7151
4881
5121
9384
3791
6252
8827
8069
4458
5735
9397
3677
2516
6468
8778
5734
6279
5704
6302
1876
9032
7058
9924
6587
1707
5640
1772
7861
9472
3870
4749
5919
4431
1632
9521
2451
6933
8362
9268
7323
3838
5656
6343
8411
1256
2810
6751
8539
8675
7298
6412
3459
9262
2398
8373
4796
8172
2936
7446
1438
5713
3651
2545
6175
8534
5814
2828
6550
6902
3238
7495
8476
7123
8670
8009
6555
1178
7373
4990
7515
7806
5721
5957
8085
5235
9925
2638
1237
4978
2901
5954
7052
8077
2298
4708
2624
4319
9198
2191
9973
3218
7719
3872
8658
8100
6664
6572
4428
2317
7120
3583
2262
1074
1429
3717
6168
7238
7894
6395
8794
9158
5449
7927
6167
6406
7472
2771
9270
6805
3581
4251
9758
2259
5576
3585
4843
8271
4992
2453
5761
6381
6364
4005
9765
7815
7848
9268
9922
8439
7975
5319
9392
3585
4580
3905
5726
3890
5794
6786
1991
1260
4888
8947
3115
5041
8158
6688
1243
7628
9919
7566
9526
1409
6144
6839
9758
1662
6262
4929
3632
7219
4406
6160
2511
6151
9765
9027
6063
1031
1453
8601
9199
5141
1124
5701
9122
3010
9261
9269
8071
3570
8954
7338
8662
2647
7973
8166
2398
8248
1779
1633
1525
6591
8717
2341
8562
1029
2907
2609
9612
6638
2064
7400
7957
9425
5198
5238
9415
4065
5727
3041
7216
1435
9824
2363
3555
5410
4417
2506
5955
2364
5223
9970
2411
9819
1064
2903
5744
8646
2811
7297
1291
6312
7353
7116
7226
2329
1155
9001
3027
7398
6931
9216
7836
8129
8290
9033
7555
1095
3922
