80070
35604
80661
4797
69453
95611
13590
87874
15356
34522
91375
48284
39246
98808
97266
80811
27541
71916
60003
37630
90553
72145
26327
63074
89588
85441
19174
35442
70513
77808
2850
12971
5050
45134
82555
54541
55846
75766
747
61230
82343
60131
59425
43096
87275
56985
21387
13514
20687
86368
22473
5370
4234
82347
90380
76508
889
83345
8137
64102
52691
46393
63424
14924
20220
3388
92983
25436
57991
87193
92061
8973
36247
29328
22490
64031
63859
59420
18371
37068
6373
89053
11571
53366
87077
23546
85463
2813
14237
28516
69494
63566
9585
38215
86541
86023
17616
25173
52572
4455
88403
98844
29699
23212
18590
22695
66056
33687
47935
23383
29344
5619
21881
35706
32149
65176
4827
43196
26005
16607
59441
52555
81924
4736
71376
58060
21984
76434
32312
36637
48245
47892
17425
44660
70388
34394
81573
77710
66034
68237
55340
34691
50459
5508
94039
21363
56126
30673
13302
29045
46206
93659
49719
84824
10736
3123
73197
39293
53332
23614
27723
77688
2112
70536
78409
23977
21163
81152
21268
42631
1587
30750
2602
99026
38333
95952
50979
96812
78916
58087
8365
8977
1958
1773
96703
29527
36600
65140
78199
25614
50205
1402
98685
32136
80930
9406
88850
17239
89743
98402
20427
5013
81086
75022
75964
81140
39187
3954
52052
15988
23123
99754
89552
97516
11530
24831
67311
52118
91415
25789
28258
37465
87753
96203
55697
61618
28732
40960
78125
39970
74099
32729
88809
82815
26186
14955
43068
51038
29272
10597
32211
35460
89661
30799
9118
37586
3046
34543
38862
78488
9303
47504
14436
95782
27760
97419
62798
3741
73005
17417
22705
18053
14203
25375
26549
81180
61343
23240
25942
11192
77765
52468
12318
64706
62890
1339
8937
80692
22510
34767
43803
70577
78804
9037
83576
98993
51217
22274
62990
24547
6354
29317
92304
50337
88189
17326
34837
84140
97878
89443
61911
57511
39198
49848
31361
32588
93913
12679
45666
57787
18894
59155
41163
11676
14985
12059
44759
98525
32631
55715
88640
97902
93831
75276
94075
13765
76021
17221
37386
27660
74779
6698
58516
80546
2483
21705
91297
97996
12756
26805
46651
34802
68592
62207
92113
70474
83411
24679
9697
25306
97823
86210
57312
42076
84536
41547
10769
6837
77579
86494
14688
22937
13454
71304
35961
84699
32194
67350
58853
7311
9752
249
18992
75150
36061
10791
66090
95115
95768
5476
63704
69052
23584
90435
97928
90115
97495
38640
48699
15765
83351
40434
95199
89196
15374
51916
4407
12801
9535
81173
43453
87565
20112
55526
80389
95045
45216
35607
83469
73407
59262
82054
71861
29609
99523
6392
38726
62448
76207
6876
89856
10980
1543
4525
33885
77742
68074
5945
45197
76234
94007
99657
44647
57528
76116
16087
59280
65489
82923
48271
86378
7562
25475
10465
9451
96626
62515
79589
11090
97280
2872
49331
74094
83626
96210
12391
21995
6154
42471
80216
73756
15173
5020
26305
24800
24191
6689
87380
7131
94634
2479
64162
72586
21776
56345
33947
31622
33082
25727
85706
85431
99455
99795
18163
16223
3679
42474
35328
60142
49495
42201
25968
94093
18033
7352
42575
32484
31324
61719
32377
78255
82282
81177
41854
35890
43990
19029
98721
1227
51056
22954
5281
95645
27028
66792
58205
31526
25315
20521
68750
8457
58409
56850
74817
26523
81
94328
85522
60712
12499
26038
12113
13936
49285
56324
26667
3444
77321
20242
54943
28576
11838
45031
56777
97451
29031
60340
65849
58557
81829
52731
65266
42447
30595
44756
53516
94616
63500
31606
33974
90028
49556
10883
31278
8283
22887
42553
42492
3684
93447
57210
48389
98430
45675
84881
71769
72569
91331
25076
16127
22452
61995
61014
86391
349
22158
66956
94593
90180
94170
65778
46301
68249
38618
43720
65536
70210
91490
60751
38655
5290
11861
82778
82391
29536
95806
37378
93915
54757
15721
37085
60788
17598
1590
11783
121
15350
2807
42940
60878
65865
13268
7744
94799
71784
23510
31176
20137
47210
23753
90150
28935
95216
58372
97774
62174
59013
92241
58164
95846
76407
66434
46567
25026
53796
47670
46894
97176
28046
96758
26059
22419
21838
80434
35179
1683
6482
50567
66523
87713
41930
93593
31869
40837
30007
70805
14201
13879
54999
68588
43357
68738
65106
2314
18971
39197
5252
4004
41669
31536
83954
2904
99479
56162
3623
97092
1569
92350
59202
69940
58171
15398
30616
86477
17109
11227
46006
91738
18476
56138
30192
17127
56472
16352
84267
8095
13610
72786
45132
19334
60713
86174
52991
98889
19782
59043
22258
83991
88326
52701
82161
5349
11888
17775
308
49000
48539
13869
54805
97777
6514
9073
75787
83708
67185
15144
19174
4784
54342
10098
23230
71760
23732
6831
81134
8520
49938
7102
34226
97637
62426
61037
92838
72668
93082
93212
43482
94988
37709
87446
36277
96725
68236
53682
88223
90041
44190
92463
21823
76190
65238
69697
54741
31780
81353
51701
29806
4696
60385
92646
87127
74209
9845
14972
60089
820
97734
87331
28507
85224
31135
24510
42449
79204
95432
30320
83531
63793
35505
44925
1806
67693
52884
12008
59279
90433
96030
88150
90582
73329
20488
35629
73115
78987
9801
12458
47108
19815
17625
69290
75956
53342
83460
63094
51546
38890
93045
24807
4863
62518
33791
87521
11733
57311
99753
30583
18582
82511
19350
32999
23806
19142
33445
23900
69549
50934
90371
85380
86947
14610
56470
9631
30076
8148
82483
48931
32842
93977
55880
69914
11887
49427
62259
62882
82730
32969
24010
21064
33645
63482
44137
96849
86896
93053
98609
21541
60845
92113
72399
21535
35951
77660
86543
18195
97424
93371
38957
64000
88046
10466
20381
26829
12211
50227
4722
30666
26464
52150
95341
90166
71978
8754
26768
74003
3784
93903
65033
3483
52981
2763
28065
83353
52261
52901
29555
84935
58894
53328
12757
21637
39748
41918
37201
20463
30419
73027
35282
1152
35912
40467
16971
85440
74929
55396
8296
55688
66973
98182
76471
83438
40443
28372
20687
37523
62240
2912
20915
62663
40742
28727
80197
5767
60975
88087
16888
41164
97069
12470
81885
50358
50491
40059
83900
93119
55146
41450
65300
37849
64811
33462
15307
18829
72360
72285
17334
50222
3910
44101
26971
99015
39160
56254
20064
73744
13150
29098
55487
365
78531
39657
39404
54053
15981
58537
23477
25727
5339
62603
57782
40434
64269
97642
79840
29117
89377
3182
56410
9150
23251
39357
19603
39548
68921
57382
45657
36247
28920
5045
40394
36996
69286
93538
47038
2175
15186
38180
75390
63643
57135
12150
17021
54435
56903
47421
53693
91463
76251
87925
65043
29535
17509
41405
87868
86341
84742
38236
76832
69000
50472
56888
17361
96255
19158
72639
33485
52941
61256
64788
42242
23096
97386
49118
56065
35244
32238
35121
24856
8412
43059
81331
18402
62322
28693
58327
90253
34204
8537
64667
13840
83857
94667
44228
70069
85516
84689
5251
25458
45902
49974
72026
41888
96698
86398
43148
72693
59960
82889
52042
72493
89990
54427
78440
51829
22735
4130
52319
54920
10273
73340
58969
53752
2585
65448
85545
80248
61668
77152
4410
26902
63767
59550
917
43392
44249
76615
53340
40824
36827
33774
54526
50076
17390
49587
75339
53768
80174
32952
93971
39216
45363
93358
77427
81727
20925
43534
86146
83102
92508
74953
27404
29526
66161
45018
75227
18377
53797
6742
74466
80669
5160
16667
65959
83475
65258
69933
58031
48630
76792
82563
58461
98764
46712
72455
97084
23770
57829
54581
66757
12126
14425
76537
25721
31244
809
61481
74701
58687
79716
18193
46345
54100
27541
42254
73017
18310
86741
57724
43217
1021
71965
62469
94956
97307
63972
53901
17232
84781
19171
76149
18143
3769
53941
50319
86039
99437
71862
54282
92070
42672
94686
2812
88902
74956
68154
30675
84604
93813
58071
63602
54137
3225
90840
81076
64403
59662
19241
58285
31422
53891
1065
72440
17260
68455
98114
90868
74623
50062
41689
26580
5481
63000
5478
98046
47793
90575
64554
88833
39108
23724
53698
9238
37964
52093
83651
44789
66459
6778
53865
40351
25917
97088
5334
8734
4597
29226
83555
31168
35112
73030
23108
1648
28489
92305
6459
59993
45087
59793
95101
28292
10022
12237
37059
68424
81574
25575
54493
61036
18601
7314
21707
14876
82886
7988
14025
52666
65384
61274
45466
39826
49479
75442
29031
4331
15851
28085
12152
54817
57358
63661
47589
49778
31635
61839
72761
37626
52482
24344
1585
3912
49524
2645
17292
8486
6128
76873
25576
5400
7651
64216
83090
30503
77989
74636
93098
45346
15239
7880
537
88043
73514
52854
3534
44301
10460
10353
44843
9281
27039
48250
74239
93988
17295
52340
71561
62109
81881
16660
37067
29942
746
3767
25872
66471
73614
39173
60905
67573
4260
28523
63483
14866
56225
52963
81566
55387
77075
59324
63947
7835
63007
93457
65468
5555
31413
54235
56294
18092
28238
88179
1181
5110
55732
76573
20806
81226
29458
40063
32496
39334
84856
25093
91854
5331
75531
9072
62372
53954
67684
72864
49253
75762
17018
93639
7541
24631
87500
78656
90772
98059
88497
99440
9591
10240
83072
84743
43088
14313
74608
23521
66261
35317
85774
78343
52553
45912
40775
64978
65659
7977
3747
6335
69123
51962
66595
20335
90108
13352
73836
95823
16310
76067
35339
10987
55321
66184
70871
73487
11926
55963
44722
11584
19086
16697
71771
31082
30372
6317
51458
12872
45432
36833
15285
35655
7339
45387
73666
32575
61731
60667
41048
94815
93584
77751
82787
4203
24677
3768
70669
4688
21934
60128
83271
99342
97344
38420
49256
86831
1460
71740
64372
62539
28115
15375
3933
74716
82231
37642
28347
73150
40557
69884
42479
62142
3229
14386
56401
90912
5669
96925
57332
56938
28983
89076
23582
32539
31765
19476
75916
51668
3978
97496
67267
54967
86083
62319
93643
29371
59479
12157
64612
35006
81218
99344
80337
64656
81391
24183
22149
49533
41416
8902
7987
78181
40377
43210
10541
89896
3491
22983
56954
3594
18109
70720
95148
3706
27947
73317
28340
43128
85184
40551
35409
94135
34514
74095
31884
37908
23162
90854
11818
67439
91339
74026
14874
89192
10302
87042
96195
79311
99370
47166
34682
35227
35446
45522
95974
60380
18692
67404
44614
84005
37678
15501
55792
63902
63638
84798
69825
19182
96213
56875
63180
95136
28076
15591
96752
73780
65216
51375
64317
134
13812
70712
86134
14443
12099
31336
46905
59014
65336
31859
21475
54321
75312
72734
91217
59828
54193
40374
56
85553
83621
51769
63003
49574
50742
16486
21637
44308
69239
19846
31493
44968
42268
74439
19272
64734
8433
74896
508
52698
83892
5375
64719
85949
23642
79756
55931
27275
92625
12171
90784
92321
62557
42464
43567
80759
91318
84192
71887
36490
96989
61091
63735
66705
79412
63651
12660
24995
17945
4139
36202
93551
88165
31616
30736
83113
65171
78426
89033
32505
97961
36598
24464
39166
9824
28294
11509
69902
59473
99502
82022
99459
36869
47984
40445
31683
86310
60485
48589
66448
76176
38889
55614
34458
40607
99555
11206
31755
95489
22919
77998
39267
42624
18128
94161
48053
96144
55225
24421
11136
46742
77922
70399
29080
11431
75250
43116
1706
16744
21920
22582
46674
41552
47413
85228
8161
44156
85754
17251
12804
98202
66095
3852
59628
1553
7328
23043
45387
44452
24954
88333
70748
20961
72664
38916
78021
36780
46282
51462
94258
10798
73949
28155
37424
44578
72940
99739
57369
957
77191
51722
14943
25592
38673
49204
89100
4435
46758
41274
86121
17856
45741
81228
28676
62552
27009
13659
28279
63832
91985
49952
10572
78193
20429
11837
12457
41979
54794
70237
97319
36240
16780
51289
40532
98564
31334
42843
74228
96956
44450
48332
30445
97255
72731
73448
71751
74924
51291
98093
99013
92272
5509
47424
96294
19974
32164
74968
57950
75882
66022
15133
82278
93189
6819
72388
27859
4637
72569
56294
34016
38935
63516
49575
87529
91616
6368
43263
21766
18364
8301
74336
98242
37464
18944
35319
59170
9494
93849
53033
88146
7721
97013
75205
85964
89771
60450
42072
77592
53617
71643
66251
25132
74312
31126
54322
42938
83384
57289
71369
38047
77503
74601
27229
58520
14041
75835
35574
36601
808
40044
29103
49984
18242
94586
39362
46230
98039
2832
6321
50548
72907
69504
57186
3247
97527
42903
36025
84275
44357
78700
17765
52383
71496
17260
23532
13202
60434
81157
61837
95028
63594
62875
1164
80155
6305
71451
78126
25554
85925
79138
15238
41033
53134
43183
31097
84897
83404
65020
69855
79318
30561
28749
29967
24991
96308
47971
54335
12426
70014
43644
92935
21518
84755
23121
35436
2523
62861
95154
85327
83839
8839
81786
34528
3646
87997
84263
95978
33665
92405
21103
38836
98995
92590
98629
29041
98704
10276
72671
12271
86476
69727
40491
65101
12677
8402
80497
32423
865
25944
38090
13144
75144
50792
38304
2466
31375
57056
49331
18368
40441
53416
67402
10553
66941
3101
70787
61736
61835
49478
47767
52303
39197
39519
18923
10145
50437
61396
61220
79540
61085
332
13536
3092
25104
59915
79115
47175
92405
17546
28507
6542
61341
64788
70754
17432
33715
38767
85618
55592
36440
62856
29169
65042
31399
90090
92199
71177
87493
6055
22659
51593
41569
16649
66144
54121
84300
84955
62926
10220
93973
14844
9965
24693
44017
52626
6118
59071
56925
38172
435
7837
24145
78239
74796
26178
34455
75454
16151
10124
34248
84857
35413
23007
66319
78095
53652
49043
79970
67648
967
87556
63900
72268
52782
77852
29703
75299
42629
71306
78329
16472
17986
23631
2847
57920
38635
15005
90497
49627
58989
75511
73231
36276
82892
23453
99547
36351
3480
89116
98673
6381
36756
9994
16746
53303
33915
33439
47389
96784
95667
72091
2117
64818
20193
70786
21621
71467
30581
40195
67170
71074
4288
25420
51048
71373
85634
42996
71398
52527
99899
25746
96935
3026
74058
13283
201
7840
47389
36786
21066
13048
85376
66849
7418
77984
20969
87776
75318
95210
69139
2277
9543
29172
50085
60995
97217
30933
80491
86776
9689
22623
42046
69042
4142
49761
85629
10100
30420
75571
16812
1643
44530
32309
34352
15875
25865
86651
60567
83922
12680
11747
37793
82578
96007
29990
61140
86837
22774
37727
64442
48615
87219
70047
90903
70943
62630
49930
7716
46088
37906
19527
76873
26542
5006
60492
36987
23150
99881
30189
8182
7965
52273
36478
71564
71449
97372
20078
54704
68016
76433
86031
58104
16921
58790
63687
52156
35375
87882
52728
8711
68734
28018
64551
19578
39126
25553
96225
27690
51798
99586
78393
53762
83243
82605
36450
63780
65128
42328
75605
79216
97954
97019
98405
48612
16674
20845
88246
73095
98524
73743
66674
37719
32733
29068
1828
77673
35265
94097
10260
53896
75617
73401
69509
47677
93542
94208
6393
78567
79410
44104
8074
18423
86927
99598
3173
68714
60500
34139
33053
10537
98971
86769
51815
93313
46198
15905
25440
82026
99193
22053
29928
13565
35973
17589
28227
58358
34497
63885
26846
56314
23647
53457
43842
83728
25199
89187
91819
47089
33375
44513
64215
82413
55282
76386
24383
46178
96043
49497
62125
32430
86639
55460
56225
90090
47820
78168
91118
1924
49254
8264
95765
48181
65414
63671
90290
8660
5177
43327
75763
30433
66597
79411
4276
89415
76417
94685
7413
5836
58390
99004
63631
58147
55957
62993
56893
1512
29853
74681
18648
90823
79256
9850
32568
37805
18610
3283
24483
78247
80386
15369
715
14161
22470
25140
21747
44994
76979
21468
3206
51055
51598
48433
77361
16979
61459
46214
65313
19677
84649
37663
28853
29261
85247
53190
59531
6489
75184
44597
8275
509
88285
6069
79130
80861
91801
65259
93378
77465
56851
16605
8240
57008
49693
6375
81232
62747
79788
99644
22065
1664
59192
36135
31496
27127
25324
18542
78527
29666
53720
63311
89293
36291
68709
34528
26964
73573
2336
57938
69052
41592
34693
66223
64488
65217
86953
15766
46005
85872
65630
82247
3394
33292
59369
85088
75416
19062
19699
45176
25723
26492
85723
2431
26463
62162
45044
32122
67958
712
31509
64178
68881
83018
76341
78928
36351
3967
24397
25692
3767
36324
56785
19180
808
8966
37864
44011
35559
60985
82279
45999
5761
61720
77042
14842
49847
66988
91596
54838
27113
62073
19766
61238
23675
71145
68059
27823
5925
64871
87405
99450
175
22608
60832
68887
40919
84435
2760
28338
70180
6302
37180
49885
50386
46332
35928
62281
52254
98317
96631
91131
36647
21783
48034
51410
17549
25502
75448
62198
99155
72484
9562
89082
29067
4804
48427
43497
57831
54925
43505
95593
71517
48147
30049
45075
51697
13087
37416
59564
35572
27742
83969
60544
45468
80049
44667
26944
28735
96774
28468
41101
8308
60053
45460
37828
48149
88867
4654
88050
91930
2594
55178
21423
93865
77385
17564
1653
31120
94232
7494
81308
49449
93589
57146
29262
17607
12610
86203
16375
64065
77590
34328
95515
34586
37451
48894
97026
11429
36261
18657
22078
725
81797
24845
86344
51082
84487
56087
15935
42200
7996
8204
54050
62293
33208
58557
36440
45164
70704
10568
63396
3296
96301
9073
1626
74499
64661
57356
97681
73093
54369
908
32326
69175
61404
6534
40999
65327
99597
38449
45469
24425
7909
78258
11205
84938
99010
93794
25695
56642
5601
70772
72972
35922
76494
29899
1014
24766
96701
29672
38969
90022
81435
56867
79198
80769
56378
91295
18814
1622
46712
64397
29270
83815
51285
3165
49673
1909
94410
52045
87972
32957
94694
23567
1748
85042
77440
71809
62137
63807
95601
73461
88308
50078
39272
14453
35201
95197
8857
95108
81436
45348
20346
3793
57971
31625
73983
57412
98178
49885
48294
98078
85099
30621
52508
51524
91313
82360
9106
58915
16489
46346
24103
33523
48458
97528
11598
23696
46807
64073
60712
76026
90460
92697
44359
70340
77870
52101
66595
16674
38200
21974
62592
86652
13136
3913
6935
3433
54793
57177
2262
36614
18278
55504
24435
53042
9943
26825
95583
25777
95482
85906
8255
38661
68301
55251
28878
92826
9680
44085
8778
43046
51562
32064
82864
36686
88087
6149
76304
78330
19810
76298
78682
94319
12505
55492
22240
92731
71996
12346
72652
49546
45896
30551
35729
63308
7996
25215
70742
45881
40318
86117
3274
38038
65607
32221
11262
64459
68671
45296
40337
77294
64823
20136
84963
26360
568
33181
44575
2774
27358
51118
64666
30125
65022
44201
65259
81138
78807
65708
86006
77083
563
61296
40330
54932
52410
3718
86097
76943
83804
94425
40160
29239
9590
12765
19604
50994
65
96646
14412
57173
97529
18728
10121
82718
40136
24957
74414
8271
7016
68022
82691
67711
64213
66042
58122
46918
79667
12112
15490
43307
11624
52294
24001
13800
73541
14778
26173
18440
75732
72663
34559
88531
64928
28521
29186
95782
74818
81315
36040
60524
61374
42230
42381
88396
72824
49258
71271
82845
28041
14215
57393
94535
55073
98668
48239
15377
22078
60901
66513
90810
52155
42357
95924
90414
8585
86261
81404
90665
20607
24723
3834
35295
69070
48599
3530
50406
49412
16378
