-6692
-4256
3215
-5444
1968
-7867
-6270
-7645
6839
-1848
-7392
-6455
4917
-1558
-5366
-5966
-4479
2852
9033
-3859
3768
1984
-4177
-1909
-2432
-4027
6916
-5034
-439
3197
4440
-7750
-5822
2792
4950
-4476
7115
-6231
7780
-288
7146
-3000
-8431
7184
5138
5952
-595
-8054
5212
9694
4738
6049
5688
6436
-9379
-2930
5759
-3815
-4444
9050
-6844
-9951
1673
3900
-6658
7616
7997
-7578
375
4458
-1
2367
9854
4252
-7050
-8067
-323
1449
6126
4307
3399
-7813
8221
9417
4628
-8777
4849
-9122
2878
-2241
686
-1842
-3166
-1340
-122
-1464
167
8021
8945
9522
-4772
-374
-3562
-2319
-7101
-4005
3727
-3521
3339
-7766
-8245
-7067
428
-3035
1673
-3669
2143
8601
-2954
1601
-9451
-7713
6643
-4717
-9378
-2262
-1284
-4051
-348
-1290
4053
-7702
3423
2050
716
-7439
-9641
9583
-432
4983
-3392
-483
3386
5386
-9301
-4831
-9774
-153
5581
6419
-8132
757
7330
-6439
8805
1856
4161
5690
3599
-5512
-2561
1247
4689
1856
-9721
390
7924
-6293
8424
5728
-2127
-5144
-8176
-7496
-6159
-2614
8361
-8143
-6616
-4688
8964
-7426
-5955
6914
-4629
-1631
7951
-6710
4820
-9724
1792
3567
8662
-2320
126
7200
-5576
8595
1849
928
2467
-2187
-939
9440
-6274
7868
1390
-3490
-8714
-9786
-4391
-1134
-496
8733
-9526
563
-5671
8250
-6805
3512
-2870
5216
-5202
4550
-507
3470
-7214
9427
-4635
-657
-7418
-4329
-3722
-6701
-9889
8155
8104
2149
2179
-5340
621
9008
-6841
5063
4694
-3829
-7901
634
5057
5994
9467
-6643
-677
-8653
4428
-6804
2050
-7181
-3221
-8689
3615
6550
-8147
-167
-7518
6675
2371
6415
6370
-9579
-9669
1436
5020
8072
3789
-8079
7822
5664
-6727
7279
-1679
2010
-1780
9486
1068
-2762
299
9414
-4652
7330
5424
-2896
3555
-385
3294
7555
-9415
-6251
-9800
2558
-8882
8056
-8936
678
-8914
-402
-2846
7041
-1644
-4095
3317
9254
-4744
-2039
-677
-3894
-714
7875
8504
2526
-848
8044
-6393
-3755
-5923
-7166
-9414
-4762
3550
943
9824
2661
2480
6893
2223
2408
6320
3652
-7062
-9451
3894
5290
1276
9758
6061
-621
4523
-253
2537
-6337
-4007
5457
-9459
3015
4856
-4350
-760
-8554
-2869
-2657
-6436
2186
-1935
1902
9366
-9624
-9726
7014
9534
-5580
-900
4130
-7950
8746
7709
8411
1133
-8165
-3696
-7979
4397
-9415
-7638
-2737
7330
-4675
-7893
1937
7235
3636
1671
1982
-6615
7608
-7547
9144
-1966
-1499
5815
1427
4211
-1437
411
-1084
2448
-4309
-8889
-1373
-1158
-2099
3677
71
-7293
4994
5489
-1339
7062
2495
4128
9216
-6687
9264
5600
-3097
2462
9392
970
1318
3721
8625
9114
-674
-554
6326
-4612
-2177
758
-4988
-8475
-4761
-3436
-3077
9761
-6967
7891
-9776
-1704
9847
-7233
-3399
4733
-7311
7866
-8465
5989
7873
3612
-5415
-3778
4683
3222
-68
-7245
-5587
-2527
2886
9996
-6799
4427
1277
-7088
-7526
3427
-9072
6062
-908
7181
7863
-3113
-7168
6138
-5585
5054
111
7895
-8037
-7012
-5299
-7885
4483
2857
6816
-8276
-4441
-1417
-2585
4584
1193
-2621
-2224
-4155
6203
4407
1095
8302
-3206
-9198
-7234
-7191
2587
1175
5911
-6403
-8619
-3073
4287
6050
175
6292
-7152
5206
-5831
9852
-7120
-7457
-7321
3146
-9128
1857
-3231
-5280
-2757
-8402
9526
-6767
3443
-3236
5547
5729
9467
-1121
8921
-7593
7921
-3986
-7257
-9559
-5768
-118
-4601
-9866
-5560
-4509
193
-2425
5490
3096
-1621
-9688
-8791
5495
106
4810
-7295
-7231
-553
6006
-5138
4002
-2627
6191
651
-9189
7094
5606
-7942
9864
9385
5492
3318
8077
-6759
9006
9306
-5009
5824
-4209
7648
7933
-8778
842
3625
9765
2861
-9959
-2280
367
7308
-8481
-2600
9287
9840
2385
2199
-5453
8755
-9957
6945
9552
-6259
8063
3410
-7342
7926
-34
-4111
1951
9545
259
9991
-8044
-341
-8959
5921
-2565
-4918
-5321
-7198
-3121
5801
-8611
-1152
-7626
9426
-2880
-2633
-6223
-1698
2295
6085
-9669
8885
2742
-1924
109
2749
4380
8071
1577
9575
9807
-2413
-5830
4868
1200
-3536
-7400
5373
5867
6768
5972
9605
864
6069
1171
8269
-7507
-9297
2908
-1752
-7535
4115
4275
4644
2533
332
9309
-4591
4595
3401
-5411
5135
-3370
1592
2962
-8108
3844
-5960
-7854
3732
6454
-1140
-2675
2568
805
9137
-5921
-8369
173
9545
-8730
9657
-1974
-8915
663
-8324
3615
-9221
8250
-4706
-3773
-6102
-647
670
1966
-1714
7613
-8671
8
-399
-1279
4839
9155
5830
6357
-153
1792
-2314
8904
-583
4901
4864
6037
959
3993
-5091
1959
2857
9870
2367
-695
4176
2105
9330
-2533
-7302
-338
1714
-7941
3074
8788
-9995
-5692
-1498
-9668
3722
5250
3141
-1078
-9379
-3870
2008
6477
8444
2212
3470
-519
8254
5563
4223
9502
1772
3216
1042
2169
326
-8571
7446
-6721
5090
-7703
4415
-8106
4582
9272
-5150
-3092
2709
-4319
6442
1920
3037
6976
-6385
2512
1987
5825
-28
-9312
9287
4376
6408
-716
9909
8727
-3344
9343
8414
-4728
6844
3567
3231
6029
7889
-8620
1021
-8063
-6929
3685
1877
6569
-5040
-6765
9197
5548
-1250
-1664
-7239
8552
-1932
2811
-5291
357
-4308
-2913
1683
6859
7124
3110
-7299
4218
-4284
-7599
8395
4998
7065
7302
3355
-3047
764
-9177
-2694
-4494
-4352
-5688
2160
2826
-4412
-4921
3143
7435
-7170
4564
-6969
9379
1185
2357
1771
4876
-65
6436
-8935
-8504
-4629
-4192
-5623
-9685
5615
6594
7985
-889
2984
-9236
-455
8316
-188
-8195
100
1586
-5884
1088
-1503
3732
9775
-6475
-8738
-2481
-8913
-9632
-5996
-557
-2308
2937
-7636
1078
3865
9500
8606
9870
-1449
-4391
7134
4661
2244
9723
3422
175
-4978
9262
7926
5721
7652
-4417
7628
7342
5993
-2334
-2497
397
-5368
9096
-2739
5608
5463
-2235
785
7350
-8349
5877
-7944
-6055
5538
-5145
-8110
-6674
-2194
-9884
7258
-9366
5163
8658
-6489
7224
8229
-5271
7992
-4996
7521
-1272
5823
-5116
4308
-7469
-2742
-5304
-7310
9767
3651
-4237
4211
9011
-9716
5023
-8978
-4049
-4149
1621
2919
9050
-4408
9566
-3497
-5030
4529
93
4333
-5142
5568
2619
9265
50
-8875
2969
7781
5872
-7848
2098
221
-8650
9118
7929
7988
-7092
-7767
-1199
-7527
3903
-955
-207
5155
-2305
-9929
-8172
5109
4149
4065
7186
9785
-7231
-5195
710
5737
-8896
6648
8494
7653
5203
4163
5673
9717
8304
-734
-1342
-9261
-867
-7465
-2984
3041
3506
2160
9401
9480
-1704
-2022
7589
8891
-682
4203
1602
113
259
-3764
-3366
-4500
-5425
86
-4
-6160
-5402
-5304
-2002
4484
-3161
-660
-9554
-2682
-7867
8289
103
8451
-418
-3451
-6246
9434
4869
619
-7300
-7899
-133
-3039
-1234
3370
1911
-6328
6181
4440
-2431
-3283
-5129
172
266
3539
-9681
8257
5426
-479
-6001
6307
284
-7239
3000
-2989
7352
-2292
689
-2345
1781
3378
-2311
-1729
7426
-6038
5467
-5480
-6315
3995
-7378
813
6265
8371
-3707
7711
-88
-4597
-6632
8305
988
5925
-1321
-4946
-6492
4798
-3468
6100
7271
845
-153
5450
2502
-9477
-4293
-7913
2630
-2710
5830
572
4218
-2307
-673
-4012
-6321
6831
2184
1484
-3137
8868
-8533
6180
-5515
-2575
-5821
-3989
-6560
9674
7834
122
7342
1554
-7185
-9812
-3689
4280
1921
6747
3384
1892
1789
6007
-570
-8658
3027
-3228
1699
4613
-9952
1143
1378
-9374
-1637
-2877
118
8482
7684
8463
-3323
-5042
2700
1465
2722
-7701
-7445
-1570
-3934
1596
6782
6273
99
4148
8946
6721
-648
3930
-1142
1300
5406
-1516
1359
1674
9670
-7067
-2346
6229
-5216
8167
-8205
2357
3581
4656
6798
3458
5212
6776
-391
9868
-4105
-1207
-1798
5880
8167
-3711
-2081
-9998
-1667
1072
7902
-817
9010
-7825
8987
-704
746
3018
-8413
2858
-9126
5265
1056
-8657
-9537
-1465
-6151
-9257
2011
-3378
6283
3243
-2884
5402
3605
551
-5132
9491
-9916
-3482
6466
-8839
887
-4873
7287
2305
7754
-3973
-6916
-8194
9865
-685
6324
1300
106
-789
-4402
-6180
4664
-2526
2723
3702
1413
-4665
852
7663
8484
6198
-3282
1050
-7742
-5560
6612
-2443
1455
2982
412
7251
-6319
2614
4345
-2499
3963
9096
2889
-6253
5403
-2457
1903
-5013
-9222
-6182
6816
-4961
-3147
-7142
-7023
-373
-5795
6398
8923
-167
8821
264
2359
-722
-8902
-4586
-9598
-2879
-730
-3383
-1623
-1165
-9122
3132
662
7113
266
-9825
5856
9187
-6363
5997
2033
-1831
-8860
9040
-4178
-182
-6701
7416
-1208
-5624
492
7872
-1095
1326
-1496
9579
116
-77
-325
673
-8855
-9805
2529
9242
-3821
338
-7570
3366
-4487
4754
-2428
8555
6488
7392
856
8771
7319
319
-6902
7713
-2549
-8044
8057
-5602
5961
-2142
-3987
9706
1395
3420
8904
-2908
2887
4626
9474
4956
-6454
-6750
262
5635
3563
-2886
7367
7557
-9124
7028
5711
-9510
5532
366
7630
4835
5023
-2679
-8738
-4249
4050
-12
-7541
-3284
-3449
9513
1962
-1660
-9361
8307
-2542
8419
-9269
8248
8397
9817
-7454
-8756
3198
255
3968
-6224
284
-6256
5391
-6422
256
-2901
-4086
-9931
8017
45
1209
-7489
7678
-8706
6608
-3036
-1709
434
5742
-1873
3272
1220
-9328
6172
3394
-2971
423
-1527
-4014
7006
6494
-5800
-2277
-1966
-6472
2679
308
5727
-9716
3891
3743
-6109
-7361
-486
2271
2275
-9940
8553
8288
3802
-2584
-2153
-3182
-2796
3450
-5105
4478
-5777
2247
-5010
-3286
-7446
-3420
-8233
8651
-4216
5813
29
3800
1499
-4698
-1608
3400
-2866
-6918
-9965
-508
9764
5411
12
5179
2586
-8770
-8086
626
-6151
2317
300
5607
6087
-7181
-6742
-9261
-4870
2015
-9146
5012
-8030
-4563
330
-7555
7885
-3284
-3492
-3373
-497
-254
-493
-5197
-8272
9950
8152
5734
-2789
-1633
-864
-3140
-6834
-9904
1049
388
353
-9052
1296
4136
7325
2826
-5832
8625
9542
9868
5264
-1113
5253
-404
-2803
-5694
1864
4758
3668
-2346
-4600
-9753
790
5921
5537
5658
8320
-6143
-9355
8104
6950
-7390
7778
-3363
-5360
-7850
-7508
-719
-7465
7813
1777
2430
-6845
1865
6893
-7487
-3327
3432
7644
-1781
-8461
8152
7087
-3432
-6012
-6934
-9015
-6843
-1151
6940
-2763
2973
-3046
3199
-9249
8199
8398
3170
-803
-4262
-1427
-3492
828
-3442
1374
-6092
-3261
336
-1441
-3598
3491
-9346
2442
1011
8260
5791
8166
866
331
6561
-1496
575
-1844
4809
-4071
-1349
-2169
-2505
-9021
3978
6185
21
6300
9404
-7110
-5411
4631
-9985
2646
6816
-5464
-6012
-9699
7724
-930
1252
9499
-1914
3487
7649
-8355
-8216
5059
8625
-5096
-3693
-617
2930
-6152
5086
-2852
3013
6345
-1220
-9349
-9883
6858
2214
8968
455
-8708
364
9028
6732
-5672
-5999
-8033
6576
-1199
-9535
1824
6380
1222
8866
3625
8689
-4770
-4564
6137
-4753
-945
9902
883
-5067
-7001
7040
8421
-8516
6863
-3414
-9718
1028
9306
1740
7643
-8405
-6596
-8926
986
-3467
6827
-1984
2446
5022
-4643
5394
759
-3528
6264
7741
-9740
2476
234
7877
4368
-4149
-4792
3224
-5017
-8996
-9018
8602
5935
-8167
-5997
441
-3057
444
-5700
-9499
-5348
-5319
4038
8614
9630
8292
964
1761
-5759
4284
-1209
8786
-5832
6546
-7382
-8122
3278
-3905
3176
5763
2724
-7866
-3631
7311
866
2390
-2553
-2771
7864
-9121
775
-1333
-461
-8150
1000
3124
-1564
-9714
590
-8564
-6450
-9305
2045
5741
1917
-3559
4252
4978
-7383
-3701
4748
-3041
9459
6053
8516
5705
123
4296
-7170
5534
-2647
2258
6713
6340
1324
-7882
-9570
2327
-4561
-626
-3219
3437
4491
2064
5989
1759
2090
-8674
-2190
-2874
-2454
-1220
4074
1305
7270
-5616
-6332
-465
-3688
-8548
-5527
-1399
-2276
8740
8744
-3812
-9978
-2040
-8241
-504
7860
3695
7476
7247
-4087
130
-6221
2499
2637
1038
-4334
6835
702
-8613
-606
8296
-7169
-3577
-4993
2587
-9750
-1962
8588
4015
9994
7254
-8195
4045
32
1081
-7689
6803
6157
5292
-8612
-4742
7390
1871
6059
-7198
-5373
1953
-4913
-2816
-2178
9825
3416
4881
-7681
655
-4516
9267
4534
8053
-4926
9933
-1005
-8603
-791
387
7955
-6804
9457
-1700
5385
880
-6234
8796
8066
-8246
-7046
3836
-3470
-6340
7926
6684
8867
8195
-464
6169
-4438
1186
-1099
9319
8285
-5134
-6358
4718
-8339
-7829
-8170
3902
-3373
1086
-383
-3975
9871
9383
31
4282
-2332
1458
5183
-1845
-9613
9961
-4877
9640
-5487
-2641
-9127
8554
8410
-2393
-6195
5999
7300
394
-6715
-5445
2885
-1691
1820
9613
3639
9612
7866
7569
-4167
-8073
-5310
-9517
6078
9681
6310
3220
1285
5333
6168
8250
3121
733
2346
7039
-9888
-6538
-8352
8123
-1463
7722
-9207
733
1446
-4362
6909
3362
-5523
1569
-6661
6419
5240
-3992
881
-7851
-100
-5268
8047
2293
8606
3924
-1498
-6603
-7690
7825
6423
-3884
-6323
2948
-1433
-8290
5328
-7252
-6998
-2313
-3087
2131
-8287
5309
-5754
4739
2633
-5581
8897
-3359
-6461
7015
7188
1056
7320
7225
-3406
-600
9528
-3214
-5274
6257
7418
-6749
1981
-8714
-4738
-9867
-2429
7903
-3288
2654
-4624
9967
-9820
239
-3252
4211
1265
-7635
-3877
9478
-8605
-9901
3572
7910
1048
9043
3904
-3474
-1951
1059
-3178
-9377
-1389
7739
-8694
6983
-5199
3144
9218
838
5642
-7025
7679
-8394
-3602
7421
-8261
1646
-1818
7162
-1797
1870
-1896
1215
9170
9595
7263
9867
-9390
5867
8612
2402
9279
-8999
3444
8008
8838
192
-988
-7414
-6564
-3651
-9000
4947
-5226
-4953
-2551
2099
2872
-1266
4791
7292
-60
4849
5323
6758
-8962
-1880
520
1481
6306
353
-6946
-3768
-9747
6348
6939
6265
-629
8576
2863
-5228
-564
-6578
-5914
-712
-3585
-5197
-4916
-3979
-1147
7501
8689
6052
9175
9940
8298
2477
-9162
8216
3528
-4001
-4831
-7228
1168
-7638
4717
7828
532
-3486
-5402
-2111
764
-1202
6192
-6505
1433
-8114
-1535
-6475
-3975
-6609
153
8611
-2693
4321
8567
-5931
7909
8957
-947
1689
8837
5715
-7050
-6258
754
-6745
-8426
1487
-9861
8818
-3627
-4500
4338
1975
991
-3863
-3764
4002
5405
-7022
-2689
9837
285
-952
7701
7717
2090
6360
-7422
-3570
5958
5418
-6043
190
4320
-600
-1573
-6371
-4629
-2898
895
1942
-6256
-1163
8477
7275
7642
-1182
8488
7931
-3184
8696
-766
-9847
1047
3873
-8512
2900
-3198
2698
-1931
-8103
4068
-5714
7361
2654
5064
-7003
5984
2922
-1082
4093
-164
-7398
5797
6247
9882
1640
-1752
-5887
-678
8108
7533
-3441
-7942
-1495
-5094
2682
-8650
511
-5961
-1890
2413
5473
-4145
-9536
-9760
-9055
-5722
5658
-3251
947
-3580
313
-3073
-2498
9811
-6938
375
-3596
-8261
-9833
-7230
3752
1734
5458
4959
-3863
7829
-4298
22
-106
7144
-4138
-8938
-2423
-9537
3875
2462
-6018
6441
-8733
5778
6625
-130
-3603
5059
4360
-8166
-3792
4587
-323
-6727
-352
4973
8309
-5036
1239
-7106
9639
7250
2195
-1842
-270
-1802
9663
4564
-2222
2325
-3429
-8587
6439
7074
6946
1961
7948
-9120
-355
-664
7173
9560
8202
7304
3952
-8165
-1982
-8027
7013
1943
-8670
8065
7697
-2708
-8650
2375
-9172
-1309
52
5358
-2990
-6526
1394
2108
7379
-9223
8393
9832
-3716
20
3261
-3872
1752
9886
-7946
-9112
1802
-4917
2195
9203
479
-2023
-8178
-7033
-1065
-6129
6922
-3104
703
5566
-2540
988
7240
-4486
-9953
1941
5051
-8004
-5167
6922
385
5598
-7437
-8722
9941
-1274
3513
-9132
-4751
-9115
5174
5005
4270
-944
9595
5032
7637
-2501
-4013
2730
-136
-1613
200
-9915
-5315
-4344
