9637
8550
9412
1446
1645
7565
1078
4190
4437
3512
9123
6565
3619
6843
8987
4839
664
8177
7119
4125
1333
1554
3903
4477
4393
4234
6027
9022
6313
4770
4230
2402
418
2268
5722
7477
3801
2848
4236
6773
2604
4838
7969
1771
6037
7498
9641
7642
1241
4915
4716
3915
6300
3465
8508
2071
3405
5052
5413
4861
9606
4451
8779
9702
7192
3360
3266
2981
5776
4957
920
1006
4891
1799
4356
5147
8100
8070
1353
1428
194
2197
933
4877
8942
5978
6474
486
1532
1575
1740
7076
7169
3434
3480
7614
3420
7425
6913
5370
208
9600
5939
6459
6713
3002
5621
9625
8864
4487
5175
5752
5671
7805
4199
7911
5003
1360
5475
8155
8694
1621
7599
9793
965
9973
9224
6508
7870
8416
6679
3813
9140
2448
3201
1859
4132
5999
2633
8478
5327
9472
5931
3063
9797
6086
9117
2039
7211
4801
2447
2259
4928
3126
7695
3022
5284
6805
2524
416
5105
2887
3946
133
6763
9150
8651
5898
4170
4233
5734
8813
9338
5964
9242
182
6623
8352
6724
2172
6599
4204
1534
8236
5404
403
4770
8453
4130
5301
2482
9261
9623
5490
3270
6925
2153
5038
857
8447
2250
1068
1107
3498
2284
6837
778
9936
9268
6563
54
9565
8067
146
2612
2685
9929
4657
4968
4172
2658
6899
4047
7344
2853
6705
8039
8151
4691
1429
374
5301
5634
903
5846
1541
146
4402
1484
159
207
2509
1396
8034
420
8956
9035
9174
4355
5372
381
6823
3774
8717
5346
8923
2227
9424
4833
89
9371
1734
4802
1434
5584
7233
4434
4320
9567
5418
5206
9129
3365
6222
3775
7603
2255
4846
7706
6772
6402
6197
1215
8755
7156
4540
3052
6572
332
9108
1650
1971
9164
5391
2169
5886
6854
5151
4922
2147
9295
2719
8261
5903
3626
5002
4945
6366
8080
5444
2216
2524
456
7495
6059
4961
285
4285
3106
6488
3397
9067
9399
5205
8036
8152
5666
1709
5426
5893
1627
6852
2402
1620
5733
9400
8256
2186
9270
1293
6279
6948
526
3698
7173
4630
1877
663
5463
9943
6340
6956
1292
8362
8400
1319
5406
3971
2654
2290
3005
2021
7490
6041
4364
4743
1879
9182
6169
4293
3972
7550
2421
4376
800
4747
4050
9989
9062
2834
5561
157
6567
7542
7226
2082
9328
9676
6909
490
6399
6585
4352
4271
2085
2617
8740
2281
7245
1761
2733
1490
278
7349
3941
1987
2152
8806
7933
5670
6500
9310
7084
272
1009
81
9057
7285
4077
7056
6456
5983
2492
8343
7665
6925
3403
580
6755
2615
5753
7491
6901
1609
5805
3803
3287
5171
4467
8709
686
3201
8696
7766
3894
799
6587
705
4497
9657
9174
6514
6951
278
6181
1352
5408
6426
8371
4764
4007
9643
7538
7665
5067
1358
3006
8243
1753
1829
6489
5020
2644
6188
1210
7085
5401
9877
4917
8839
8224
4226
3495
1769
1730
4864
5069
5941
4847
6915
9256
4961
7983
985
2977
6536
5061
2976
3130
3469
5009
1044
6108
9753
7317
5726
5796
5804
9136
6039
5019
3533
7742
920
3446
8657
9869
7686
906
2310
6121
5247
7247
1414
9719
1407
8027
3735
1941
3546
4077
542
1680
426
6533
2855
3070
8568
3517
5235
6693
7025
215
6284
6548
5876
6942
6468
7449
8377
8693
2682
3127
3001
8536
9609
9211
3411
5500
74
8745
6256
8345
2692
4368
8821
717
5609
3774
45
4697
7548
8418
143
2631
1172
5810
1266
1822
39
8563
9220
6433
978
5170
5869
99
5349
2680
9002
1178
5275
150
1770
5522
8334
1661
7521
7340
889
7043
7292
2264
5262
2354
2850
8862
9970
5824
1894
1597
8893
7296
662
8433
5152
5195
9381
2524
5955
2585
5157
390
2708
1418
9819
8161
9594
863
7530
4843
4263
4766
4023
5377
8289
8454
9963
1168
2165
2721
154
8547
3692
8816
5582
7472
9625
7172
9161
5011
8644
4901
690
1877
1648
4165
348
6671
9893
8724
7582
6714
2678
2578
6792
1336
8325
7371
714
6537
2224
4546
723
2865
7420
6369
3552
5735
5476
4550
6957
4343
7915
8670
2847
799
978
7290
4550
1107
7413
303
3951
3435
8850
2675
9560
6732
8784
5433
7720
2726
1037
7071
8426
308
2247
9923
7892
8061
8586
6545
8043
7370
8161
9769
7833
867
8001
8760
6248
6485
6517
8477
7628
7417
5335
6275
7779
1505
2589
9887
5631
6894
6544
9035
4710
9193
6022
7561
5430
2925
3224
6708
214
3826
2011
4844
8342
4728
810
3493
7188
5867
239
5648
9156
7803
6985
1177
1619
3497
7756
6250
1446
2718
9890
3161
1192
5748
6922
9014
1215
7509
3786
592
9135
8456
737
3796
4147
5184
227
4071
9393
9237
5287
9021
8739
5004
2488
1115
2116
4002
3760
3827
30
1695
7889
5789
8420
8530
8239
7352
8682
5998
3233
9174
3783
7252
8495
9544
3109
787
8365
2836
7183
6842
1819
8304
6797
1735
5829
2366
1242
9651
7515
4752
9533
6214
4933
4020
8400
2132
7822
5590
8800
8706
8099
7004
9785
3869
7600
3038
5607
2382
3798
4819
5809
1820
4008
6840
4810
4751
3169
5220
9560
6116
9716
8398
6071
3986
7195
4257
8729
5619
2971
8996
6898
203
7182
1266
5709
549
1325
5367
8657
4678
8215
9392
822
3586
2249
9224
9257
5281
3297
1555
8365
3998
9821
3264
4639
3257
7104
3323
3158
6669
9872
1263
7460
4923
4970
607
9545
5946
7864
2985
7527
9935
2294
1701
8906
6463
181
4316
8081
8290
9278
4760
8871
8280
154
137
9428
9370
7834
9656
2376
8438
6211
1690
7210
9274
8429
9181
3925
512
4889
3532
4690
4692
628
6723
4364
7498
7658
6692
5569
3622
296
3320
8014
3911
4425
457
377
1545
6883
1450
7179
5500
6694
236
5685
7339
405
6472
8889
6476
7331
109
2418
1190
9419
5178
6110
9422
493
2919
7421
836
5242
7677
1610
6601
4130
5437
3664
9727
6534
8516
9275
905
7831
8957
1157
7200
9428
3504
7524
1794
3253
5700
2544
1448
4002
2929
3284
8822
5144
5570
129
6552
8778
6132
9917
7840
9359
611
2072
6339
1502
1789
9806
3802
7095
1322
7970
9103
7667
199
9415
9632
4621
4833
7058
4981
5532
7212
5224
5234
9729
1898
2907
9181
4923
5693
5168
6806
3902
3948
1756
4145
5739
4672
2029
2219
8325
9190
9112
2058
9857
3214
2446
346
6451
3203
3874
8207
5774
1799
7516
9294
9410
2285
9579
5330
4637
6866
3042
4149
6481
1805
4615
2339
6159
7722
4992
3711
8611
9786
1205
2871
6190
2241
9409
5585
8675
6438
8640
6706
1628
4710
7803
3998
7465
9207
7738
8637
2517
523
3900
8698
8071
499
8265
7256
7884
7056
8593
9357
5882
8235
3024
763
1896
8538
6580
7685
349
5525
4817
4485
5587
2333
1815
8659
8504
8454
111
908
4136
6520
5673
9851
9664
8839
2228
1844
8623
6688
1038
8544
6848
5756
1140
7864
229
9076
1630
3067
3947
3636
5227
5469
757
451
539
7592
5187
1362
6970
3010
5785
2204
878
1682
1092
7406
999
3671
1440
9338
5913
2059
9072
7683
6680
281
9013
8051
1589
8015
5211
2210
8505
2105
7464
9666
8889
3128
7070
3295
4571
3234
7655
444
8856
513
1348
6648
462
2556
5809
376
6498
3612
3875
6239
4318
2650
6327
8352
4211
6352
1435
6777
4081
2470
6466
9658
6029
5413
6515
8572
6583
5456
9353
2680
4813
4092
7936
2822
5927
6093
2462
3906
7042
2744
4951
7549
4858
7279
5458
667
6032
7818
271
6663
3020
9820
1151
8188
6042
6652
2109
6097
7023
7442
5494
3122
7493
5287
9570
864
748
3288
827
9205
5154
4482
7589
1705
3030
9748
3390
6734
5468
9268
7779
4007
5913
6218
5763
8598
1565
3362
9989
8575
1654
144
4178
8464
5470
6058
8930
6905
2103
2957
3045
2763
5437
944
6745
8147
9365
2235
4683
1029
5697
7713
3919
2140
9253
5140
1720
9708
7569
7460
7730
4313
963
6766
3832
713
4492
4624
6442
8574
1252
3626
7453
9265
6737
4159
9764
4812
1090
5252
5136
3725
4821
1627
1779
1317
4063
372
9741
3664
4150
9417
4505
4146
4957
6578
7112
6204
1751
7940
8732
9472
6550
5748
9203
1491
1831
7198
4709
6912
3142
9680
6369
3285
9456
3542
5121
7124
7139
9481
33
2488
9499
6694
3091
8527
5216
9316
2845
8561
3907
7001
9864
2070
3864
6109
5002
5723
8714
8555
2643
8809
5878
346
8612
1004
3905
411
6705
3792
8904
3524
4850
2393
3590
5418
7355
6963
8500
7546
1003
5320
4744
6393
454
5049
2629
6515
8211
3762
997
7790
6250
8624
1424
6463
940
5458
5943
6239
7942
7999
1548
4906
5979
8195
6371
2393
4804
8735
7555
408
543
4199
8004
804
6688
1585
2947
6336
9369
3374
8246
6985
2838
5314
4439
1641
7777
9639
2330
2101
1783
5349
9408
8756
2201
7043
1360
2490
2377
2304
6735
1392
1241
2324
1747
1698
5860
585
6910
9575
9244
5961
33
7961
2733
4427
7368
553
9946
2783
2388
1848
9281
690
415
138
1020
4140
3287
5953
9761
5659
1587
9812
817
6592
4126
864
2025
8079
3468
1559
3622
1666
8495
3082
6286
1384
1183
5819
6437
3124
6254
5303
8015
372
9279
9705
4208
3929
597
611
5036
8856
3783
4568
2311
5319
1529
3458
3420
6287
8147
3525
8221
3770
1598
6271
5920
6620
1163
7422
2613
6607
8529
8093
1489
9639
3484
7831
2138
2213
73
7302
5899
5424
5153
8703
9978
2278
9561
304
4351
8898
7416
1320
381
950
1197
7884
1548
433
8320
3656
3531
9877
3934
2570
6602
2396
3009
7162
3690
4230
1482
3185
8251
8059
3667
3306
90
6282
9409
8157
4991
4031
4338
4026
9439
4674
9526
2048
3052
3859
341
8067
6824
8919
5969
7520
2842
644
7803
7517
8742
5318
529
3537
6830
4172
6857
5988
2510
130
271
4457
1172
4645
7784
6243
7619
2495
335
7125
3035
5276
407
1912
2117
2067
4562
4411
1394
7145
7654
468
2748
5205
4364
5119
3417
58
4556
8475
6876
8263
9771
7810
1726
620
7686
9788
1760
1193
4745
3421
3264
7332
4883
158
3254
4341
9403
1284
9638
9234
7992
2247
1115
9366
3537
1565
5551
3302
6567
5412
5026
940
4935
985
3615
2837
6719
8688
2467
7090
3596
3606
2097
9144
9479
6403
6239
4764
4101
1906
7812
9270
468
6171
6840
8825
6232
4408
609
234
1145
9375
6565
1647
97
9742
8368
2011
33
2399
9254
2693
6227
6873
8241
1999
6510
2678
9123
5497
6751
4522
226
3188
3586
5979
5445
1353
8836
8864
1696
5613
2447
1003
7891
2260
1775
2422
4600
7210
3345
404
2852
8430
3063
8325
3870
6098
6354
7622
1464
4299
6026
6155
85
7580
3577
5566
6582
4240
2928
5561
397
1805
5893
406
7510
5126
3757
835
5227
841
9537
721
5372
8837
3735
2638
3375
3771
2480
8087
2924
2697
5061
5111
7580
8155
5389
883
888
9617
5126
1933
8972
9845
3966
9944
2892
537
9199
3436
647
3320
6290
8062
2647
3863
7416
6273
938
3989
1986
2618
6083
579
2120
5574
4884
1058
460
78
9621
5344
1572
5895
9437
6004
6000
3742
1011
5710
2820
204
8289
3642
369
6114
418
2866
5925
8071
3734
5883
5958
1953
1514
7934
6142
3861
7229
8126
731
6689
5163
4097
8500
4961
614
6178
1249
2477
8760
275
7757
5194
4870
7152
9998
9160
5021
7030
1510
3185
2829
8854
2889
1957
3184
9203
6155
4638
7678
9917
1366
920
6946
373
8796
3088
7766
9189
2008
8063
1523
1406
6767
3068
2799
8759
9792
4585
3455
5015
483
638
4499
1903
7329
5900
440
4613
1649
7104
2446
1829
6917
2430
9473
1345
6882
4341
5583
8426
8115
9198
604
8671
6427
3272
9866
1549
7211
7324
7184
3282
7271
8644
6399
6231
8002
6068
4469
8910
9133
2706
3061
7486
5014
917
6492
2331
8984
1985
3005
1622
1836
1359
1783
859
9482
7361
4119
1990
8016
2998
2878
1408
6405
8437
5703
6924
1134
5286
6675
6346
4536
8122
6927
3114
2139
500
6168
9189
6273
6617
3546
4972
2781
2394
2632
5625
2207
235
5264
9535
7309
9832
9756
2259
9412
9759
5460
8350
3104
3665
3101
866
1481
5456
7651
945
3720
1990
3710
5685
237
5649
5220
4838
4269
9933
6575
2173
9946
6633
7871
5756
7353
4229
2772
2743
7485
5639
1566
7490
3714
4760
6353
6863
2263
5308
9435
3108
7319
9043
1030
3647
1990
6899
7088
7661
169
9738
5994
1325
1008
6347
1160
6656
3191
3555
2268
4564
5308
1254
5542
4122
1437
2187
7173
9858
6379
233
2865
8251
9168
6078
8223
1599
5144
9350
8529
6242
7986
8638
7289
8142
6153
5387
3942
90
4341
299
8829
9590
5259
4976
687
2620
2423
9068
6635
4389
9180
526
2912
8811
2636
3167
7013
7104
8796
9737
9328
3726
2347
5882
2559
2691
7801
962
1452
3827
886
7043
3115
8237
8728
7600
4640
6828
7805
6955
1325
7961
1725
2960
3783
5680
5595
414
8059
8049
6342
8744
44
8020
3355
9020
6377
2651
2579
1690
1797
4711
6306
5618
8184
4434
3969
6282
3343
4914
116
4642
169
6997
705
7975
2786
5253
4234
888
7444
3383
9980
7280
718
4897
6538
1376
7028
1438
2985
1148
9293
8197
4161
9927
5618
4412
6881
2110
3261
2980
7244
713
791
9734
3615
3764
4456
8250
2445
9627
1548
9771
99
4183
5454
2119
4498
2313
4338
8713
5395
3456
3526
9290
5481
3987
6058
9522
504
2919
1780
7010
2814
7184
9031
9221
8008
3029
4830
9037
3565
4470
7341
4528
7054
4553
627
9097
3217
6497
4994
2683
8348
7307
9491
3507
1062
335
7393
6592
9881
4108
9206
1617
7559
9460
8479
3822
8959
7232
124
4665
823
8160
6661
8759
670
2955
6260
3091
3756
2585
2948
4408
7420
175
3835
8138
8658
8932
562
3635
5570
1640
9353
605
5973
7991
8289
4247
8927
4378
812
5510
2491
7386
8366
3346
7692
562
1897
4000
3162
1476
5258
6509
9625
1007
7535
2273
4455
8799
4303
6417
1361
3448
649
184
2135
7351
5105
9086
5905
5733
4564
2830
6607
876
6921
1304
8815
7284
6256
2184
1905
9880
5006
1260
1860
9105
9000
6762
6591
1965
1334
6679
5198
3569
1504
7098
106
2547
1821
549
5547
1811
8970
7045
9752
4950
6922
4301
951
3792
1981
6204
8054
619
1611
7937
9030
5626
6114
786
9448
5511
4704
203
7045
2426
9809
1152
4245
3825
7707
6130
8869
1718
9464
9132
1932
2101
6266
9439
9548
4638
8337
5954
5772
2354
3999
4460
1041
8405
6254
1810
1520
4899
9491
1849
2051
7114
8705
6469
4012
350
6819
7266
642
1751
5357
889
3086
7417
9820
4598
4181
8854
6784
4050
3530
4009
4147
5691
8814
5062
6523
8054
1883
8818
2932
8127
8033
8887
6809
7867
3830
3682
3162
8710
2180
8252
5863
9540
1193
5498
6603
1150
4754
2257
7387
8399
5767
3173
3710
5883
4541
3904
3024
6195
6174
7338
943
7248
3765
2240
566
1089
9523
155
3505
7703
5868
1690
8307
1094
5266
9458
8367
7531
674
7296
7158
1539
7714
8331
6383
2805
2511
1034
6428
9643
7597
6438
5596
7614
5848
265
6635
3945
7746
7447
3187
2460
506
7621
4475
6300
1142
4464
7708
8971
3063
4304
3914
8566
7069
588
1853
2914
1049
4371
9568
4386
2192
5949
5040
204
3628
5262
8114
6118
2129
2096
6756
8087
9094
2248
8013
1321
1955
47
8729
8064
7154
9156
4646
8556
1819
2390
8034
8649
4598
1505
2426
644
48
135
1632
7523
2353
2212
1140
5824
9263
8379
6602
5777
3494
9073
7351
671
5968
4514
2604
6494
4018
5231
3107
7962
495
3935
9344
3734
4954
5320
629
9132
1514
9868
7430
478
6880
4289
5841
7957
8284
8088
451
5334
6082
4531
9248
3630
4923
9647
6668
5523
6766
2323
3376
2087
9179
2352
4604
6205
2997
2066
3118
108
1141
1462
1555
674
8241
493
3139
5679
9999
8929
2570
7305
2465
5591
7530
5082
4703
4604
2332
9383
2263
4767
123
3906
4655
7340
6133
6619
4929
2737
5083
8865
9452
9611
2865
7512
430
8803
3888
9895
1183
1651
5414
808
95
3590
8582
8336
163
2066
5347
9628
8898
2704
3647
45
201
3898
2356
2811
1591
6400
8850
1755
638
4869
7134
4097
2549
1345
9563
5803
9467
331
8182
5151
3818
8065
8483
1499
5952
2721
7361
664
3187
8025
6355
8302
8796
1617
682
3759
5044
493
8810
9896
7169
5432
5830
8312
6281
9567
5859
9572
4652
5432
9398
425
8633
5042
2189
3694
961
388
9380
1142
6010
9906
3245
935
5210
1719
8721
9296
779
2403
8408
8714
1845
6353
3806
4888
5922
2854
3465
9351
1237
2028
9785
1831
2686
8443
6318
5517
5602
8643
1860
1315
8018
6558
1115
5944
4831
900
6988
1000
8242
7360
4622
2172
5472
9205
3755
8828
6589
1190
8661
907
9548
2338
3132
3554
1576
9456
2736
9258
9673
2645
4869
858
7395
7971
5512
9037
9090
2955
2246
391
8544
1927
4753
7139
9051
9280
9511
3035
5010
3835
9867
5908
801
3552
4346
1598
6311
3587
1257
5981
5800
1600
1069
4168
3193
1342
1843
3166
9483
1808
4534
2146
6257
6468
5126
8681
3083
611
9256
1104
7594
6156
2078
703
2413
991
3877
1973
5011
3304
43
4826
979
7960
4535
3688
6760
1484
2611
3029
6157
7350
414
6521
3092
8436
1118
1376
127
4506
9207
7633
3774
319
180
8574
7460
3651
4879
9785
9927
5767
1233
8441
2949
6023
6915
8503
7080
6069
9269
4677
7056
1588
3278
2401
574
1010
6316
9720
8278
6147
4056
6346
2631
7562
2337
9133
7531
7931
9153
7612
6491
6729
6373
8781
1842
6772
1771
5815
1553
9765
2233
6062
8030
9004
5834
5997
9604
498
8500
8085
6014
7666
8840
5080
9016
4088
5729
4006
9343
3993
2409
1715
94
1693
865
9524
4602
3955
7100
8453
8460
6989
8743
2758
8312
3701
1052
4741
375
4962
9619
7491
9463
4317
1991
8603
992
5959
2137
4826
6840
4595
8545
2410
3777
9059
501
8223
3397
2453
9591
8177
3398
2918
3005
8279
4796
4871
8178
4637
4336
446
9382
9649
8856
3373
1819
3489
3616
4762
8545
1183
5971
5256
1537
8391
2948
8838
965
1436
755
6923
4823
7733
6325
4361
8429
7606
9834
6540
5330
4920
9980
2974
1648
1414
7895
3195
9693
7781
8782
8706
703
3492
9697
5497
2906
5516
4787
2439
5945
4034
4411
1392
2751
5775
8873
4405
4174
3034
1669
9188
3604
1418
2896
7964
7542
8661
9269
7596
1261
8698
1635
7389
7758
9487
5787
7146
4193
6570
436
7613
9628
3337
9865
1850
9206
3315
4869
4024
4981
9522
8139
9402
5574
7805
7925
8979
310
8591
4233
7861
1546
4549
4697
769
2063
2905
9192
4897
5264
9464
8355
6831
8090
6822
1454
4229
7964
9391
7392
4779
5197
3993
7836
4332
5227
9316
7140
1061
2589
9048
7012
150
68
4995
719
6901
7928
358
6532
441
3683
6886
7847
880
5936
8221
5204
3797
9774
232
8834
905
8512
6420
9017
9355
8661
447
3760
64
5422
708
8661
2178
2554
7034
7268
5162
5150
3830
4325
3704
5069
2508
6200
9711
7845
7329
7818
2116
194
4883
1517
379
7839
9968
2446
1540
8070
226
8309
8577
9452
4355
395
5374
2494
1358
4662
319
3478
6120
4074
1724
2898
4955
488
6589
1575
9552
1886
4260
1631
8279
6622
9442
2503
2887
9772
3047
2308
5859
2850
7244
5081
9494
4639
8270
5597
8420
7401
6606
6300
2458
5020
2517
8778
4667
9430
4518
4274
2429
624
3098
1357
4670
712
7665
6011
5527
3949
3281
2655
5808
3717
3846
2553
3557
1065
2598
4709
2643
4270
1586
8913
6130
7050
1983
5811
5778
8016
1503
8481
4108
6745
3804
2252
305
3687
3000
3555
2490
6577
849
804
1134
4494
7431
6639
4310
5317
8768
1155
6060
5301
2244
3314
7622
4618
7420
1176
9153
2183
1607
5087
4843
5202
6155
2426
8211
8338
8643
1146
571
7884
9357
404
385
5202
1007
6678
6726
7819
520
194
4856
4254
3162
448
9879
7936
1864
845
6028
3790
6212
5623
6381
8176
5939
8290
584
3235
3311
7775
3192
5367
4946
8173
6302
5200
3825
6226
4749
2983
7330
5013
6115
3252
6571
3198
4009
9315
8886
6562
2826
9499
663
5783
1897
5273
7149
3621
7588
6592
536
6153
3679
4915
9165
8260
3904
3787
7053
395
8880
2711
5311
1514
7762
5231
9757
1564
3315
4369
4429
1378
2008
8599
5399
3268
2527
6963
1914
1936
7558
3841
691
252
3116
75
7273
7409
1109
4424
4910
508
121
1581
3478
7765
1448
1359
1926
7749
1157
9034
3588
9022
5237
5102
6143
2729
1247
5218
3417
3481
8377
4669
6493
7669
8422
6788
4312
8305
5102
2494
7965
6915
9817
3296
5438
8828
3673
2408
4464
4549
9865
7501
2666
6366
488
2852
4939
3931
7997
4696
3204
4013
7873
7599
6138
5339
7612
2842
7448
1836
5880
4274
7636
9099
3409
7597
9783
289
7844
2672
4928
707
6162
2789
9474
5869
4501
8127
6628
2455
1367
5108
9070
7280
4645
3763
476
113
2668
5224
2483
1391
8267
3551
7682
6422
6014
198
3328
1876
919
190
7844
10000
9029
8640
4063
7915
2624
3358
2757
9132
277
3367
2824
7108
1950
1152
7961
7904
3592
7318
5195
4095
8997
2116
2983
4050
3812
8367
222
1618
4230
3249
2558
109
633
548
4249
444
8547
1332
1416
3379
2796
2200
4624
3465
7249
5580
6131
8647
5597
2541
2839
2541
3266
5316
2489
9552
3016
8120
9349
1559
6457
9104
2129
7307
9385
5356
1032
9630
7038
1928
3672
3297
1622
471
552
5981
9946
868
1815
5907
6286
3205
4297
2867
7694
7649
1803
8313
1930
729
3708
8580
8322
2639
7789
3092
8647
2119
4645
1292
9130
2360
3112
2417
8554
3941
8132
7229
1259
9448
9048
6128
3460
4218
9984
4737
7019
1533
4945
2731
6597
6864
4282
215
227
4201
9376
6325
2510
2536
4413
5988
134
8439
2246
3535
2648
4660
4711
1026
8760
6501
6787
4955
8221
7413
4883
5491
7715
7016
4815
2035
3287
1430
1525
8341
6459
4295
110
8945
3473
6850
6530
3427
68
5459
1073
2551
7277
9128
6700
4935
3481
8190
1251
783
8631
9015
3406
6433
9159
8893
6041
67
4823
8692
223
9245
255
5406
9169
9740
908
6873
904
7875
2445
9596
2753
5297
9655
4504
2947
9226
4707
1024
7416
1834
2278
6173
1522
9753
763
2114
5514
6832
2439
5173
7347
1875
6981
1970
3615
4116
7042
606
7836
6509
4901
7938
1239
2314
4190
3412
5001
1975
1245
3506
8264
8336
2715
5836
2597
6661
6976
4925
4344
5483
3732
3244
7402
8632
5418
3113
7327
154
1687
2073
4447
107
7005
5998
4104
509
9325
9045
4581
9478
1106
3604
1751
9458
6370
3977
5335
1182
1783
9938
3925
148
8731
9989
725
1017
3439
6600
9732
2009
6992
329
239
4682
5952
1443
8491
4356
9143
4035
8657
3138
3759
7866
5571
9170
8978
4009
2573
9539
3286
8832
6435
3566
8759
7801
2904
8320
344
4869
6688
8807
9522
8996
8710
6576
6330
8598
4601
3357
9069
3496
8619
9646
8790
7679
9340
7627
7915
4774
6578
2893
1093
8179
2326
8165
8136
9100
2414
2102
1128
9788
4089
9142
2747
6534
6369
9130
5915
6550
5887
4315
6347
2648
1306
4617
6062
4853
3150
761
5853
3928
6692
4498
1063
9386
6598
6992
477
3084
6604
754
2254
3682
8381
2114
815
2536
1359
6966
9258
666
2141
4161
221
1381
3993
6260
9319
3138
2345
2468
5038
8459
5237
7048
1256
6898
4786
7594
3320
4996
6120
2508
5223
3086
3065
6698
158
8241
8064
596
7217
5327
9165
5782
9017
666
1175
6822
8731
618
1291
2320
313
8701
3186
193
2921
3364
7798
6892
7917
9258
7701
1722
2255
7395
4491
3544
2433
3209
5908
6285
4918
8908
8635
7078
3042
6565
6655
1132
6699
5399
9769
3065
8371
5729
454
183
3010
2852
7746
2133
9625
6921
7501
1733
7220
9885
8094
1109
1318
9728
1368
1998
1654
9850
3545
7131
5653
282
7716
1997
6813
9510
4977
4841
1871
6325
9352
5370
2897
9004
2977
6134
1687
5968
8222
8801
3971
1588
5247
8584
9419
2842
99
7047
8366
7099
6230
6211
2763
4890
7291
663
4543
6292
4570
8190
805
7147
3041
1260
1895
7684
4490
9126
5336
9884
6096
7170
8911
2485
1841
2271
7173
6976
3457
863
841
132
7044
4462
1499
1337
1881
4798
8589
4460
766
203
2806
7004
3662
7169
1190
5316
9579
2970
3742
2928
600
9398
579
7944
2892
8617
9720
546
8068
8600
755
8769
2852
2559
8652
1304
7238
5187
3090
2625
160
5891
7642
5597
5741
2061
2477
6679
4286
6201
7109
9394
6344
4451
4018
5399
2100
5442
8151
5395
8605
9285
7157
4835
2311
8267
3229
3074
9476
5534
8280
2407
4009
9555
8568
4293
6719
1982
8002
5382
1376
9884
1244
6032
1867
4368
2920
5750
8960
2107
8234
1171
9372
6829
9461
5911
3139
6119
4170
7937
3733
2258
6166
8442
1441
3100
228
8422
5193
8043
8356
8951
2812
3317
3307
4080
4749
977
9103
8008
7479
4493
941
247
1298
3996
3653
8148
2055
1082
6718
9036
9946
8607
7982
6522
1381
6363
7260
7588
365
1681
4704
4163
3845
5492
7321
691
3040
7952
839
9872
2838
7359
4328
5776
2593
1352
645
4114
436
308
8052
1927
6660
7766
6177
8417
4791
8367
4270
3299
5045
5764
2714
1659
9160
8828
6399
1815
7845
2562
1316
5170
9312
6236
6568
6328
6213
3133
8524
1779
1450
7405
8125
3645
4174
6302
6114
6658
7948
7572
4389
9234
6320
81
2214
2089
4048
3212
1860
6198
6883
7987
6681
4351
3451
1319
1155
3230
7890
6078
5892
8741
4202
528
3831
7360
6550
2533
5256
1738
9974
5398
4184
3257
2048
4210
9629
2782
4984
6838
3489
8401
4997
8435
9439
349
2925
4787
6131
7555
5738
6195
7421
9139
2711
9333
3777
5909
3138
6560
7558
3092
3668
4917
1664
5638
2157
3082
5707
6655
5469
5384
1873
2280
2257
6299
5536
7477
766
3123
1796
4899
1469
5590
2973
6462
7173
147
1821
3749
783
9046
6542
2037
5280
4176
8540
8950
2096
3434
9434
3247
7011
3098
9093
5446
624
7161
2180
4195
1046
3961
5601
3217
1598
2277
4368
6879
7081
358
3244
6735
4732
6245
720
4574
1859
1757
8050
2778
6114
2891
688
2884
6967
2686
1257
4321
1994
162
2207
1830
3293
4022
5933
9706
8202
6337
897
2075
6355
4528
4289
9651
9055
5960
3125
4120
113
2198
3970
8571
9919
539
6539
2764
6229
4862
994
6364
8917
4768
849
9600
8801
8986
754
9692
4628
9649
1073
6668
9692
3444
722
6440
1219
2883
2909
7138
1173
2494
6705
1253
8505
7574
4193
1934
9981
2757
7485
5559
5020
3380
293
7127
5986
5286
6782
1974
6144
8977
9723
1209
3347
170
4591
6273
4951
1802
7084
995
3656
244
6582
6218
7710
195
8942
3991
8513
8904
4852
3925
2304
6775
435
333
8486
7724
7012
7297
1827
6160
6350
4325
9897
6627
4237
3117
3844
7595
3818
2380
3565
7613
2175
8947
9375
4493
7003
3461
2535
1328
3203
839
4197
9237
2053
728
1090
4433
9577
4189
1911
3866
2503
1695
2156
4107
9394
7549
95
6308
4128
1597
123
3080
7278
4727
1882
3721
183
3487
7650
5316
9924
3315
6911
3428
3880
3528
6460
5619
1729
4186
7515
4863
1177
8966
9003
2479
1197
8491
1507
9134
7318
1633
5561
9307
7147
7930
2732
8578
2701
6783
907
9854
4971
3031
9514
3676
2450
5822
6234
868
8948
7101
1975
2715
9801
3284
3950
2094
6546
4314
2583
3059
448
865
5823
8495
3571
7496
5248
5137
4273
6872
9604
4739
8680
4709
5606
5274
5949
7113
3660
6222
2754
8194
2977
2496
5807
9033
330
9722
4104
9655
3624
7308
334
8354
6319
6000
9022
9736
3547
3008
3357
1034
651
7396
2729
5802
7858
5418
4941
5283
9009
7543
3531
7001
4249
1755
7234
6179
6149
3614
439
4786
3256
3669
1892
9436
9074
9681
9722
4694
9903
688
954
5397
8721
2130
4547
2438
9814
9614
5127
1491
2740
5196
5503
3575
5960
95
1258
7963
756
1833
4790
6822
5115
2642
3292
3421
5908
7915
9923
8338
2544
8502
5008
1057
1142
7490
5414
4448
2529
1497
9141
5396
4784
1146
9359
5421
2538
8455
9155
2613
2985
3546
4915
8864
1484
3951
6394
969
6201
1521
9787
6911
683
2053
4984
6809
6490
728
4992
7832
7700
3908
7176
2052
4690
4194
5480
9224
71
7693
1048
4382
7901
633
252
6803
9413
7245
333
402
4538
2693
7123
9477
5161
9723
9206
2155
5446
663
5274
2453
817
7406
8243
470
153
3020
1353
2080
57
876
2852
2313
8757
8352
4028
6568
9321
941
810
726
6657
3470
2050
7304
4307
9114
4537
5880
5195
6791
5095
1548
4554
371
2627
6198
4188
1799
5862
6218
8826
2648
9813
3262
5300
4584
2198
7621
7814
7537
9719
2368
265
5440
2598
3525
8775
466
9855
5895
6151
9132
4661
6172
7468
6808
6654
7091
1095
5381
57
8316
5467
3446
4731
1149
7916
7774
2407
4314
6825
7422
4940
4266
7567
4639
7732
1023
9526
86
1069
3908
4982
7320
7400
2986
9721
6449
8744
8151
2996
4167
8418
5532
9042
6405
7742
5023
6807
985
4196
7587
5822
6304
8470
7848
2085
7585
873
5616
1323
6064
6019
9604
764
9702
6327
7121
6830
8453
7964
8016
8296
4195
2668
2937
9011
7873
9377
1422
7343
8493
967
9174
9157
8911
4694
8458
5088
7425
1885
5175
8678
6468
244
1831
1394
859
9711
5180
3589
1989
476
3272
935
4196
4023
8047
5923
3385
5051
4964
3507
5590
2903
6068
2030
2027
8505
6928
7317
1651
6894
4022
8298
1605
8368
8715
6246
4742
1332
8511
6152
4329
9072
1231
5458
7772
6970
1535
3099
2660
1834
4812
8401
82
6015
2073
4709
952
7631
6250
8428
7451
825
3079
2093
9882
3075
5647
7770
222
4188
2860
8723
5063
2797
1181
3824
8740
1360
4619
6399
7175
820
1460
3787
8196
3703
6234
8359
1558
6384
935
2951
6704
343
9699
4220
2337
9612
2626
9972
8058
9760
7924
9854
3955
2402
3675
8101
5188
575
6389
259
2594
2516
6894
389
6318
9172
8761
9961
9814
4367
3768
2983
4584
5270
3691
5268
739
5932
9347
7796
1496
5434
7793
1226
5813
1613
1895
9887
1844
3579
2431
7591
7453
8409
497
8824
3605
379
3100
9003
900
2360
5940
8739
4881
4450
933
9052
1561
2303
689
4168
2648
4659
6518
1426
7361
8256
1171
9833
423
537
2624
8060
8598
2622
2783
5618
4532
9528
1709
2695
9727
7120
6782
4693
5927
1516
3934
3527
5465
1773
9390
7064
6828
2700
2254
4568
4730
3690
7253
7124
5381
8090
4832
4261
3789
8433
1020
8680
2385
4408
1625
9913
1403
3629
9965
4872
4803
3492
1564
8066
7158
9926
8853
171
1555
7724
1413
2507
9932
7050
4210
3208
2797
7287
8423
4758
2407
2984
8581
3088
5370
184
6656
6743
4454
1794
3072
467
8419
5832
872
5083
6613
9213
4677
4951
8212
4355
2310
6059
9917
3940
722
6733
2989
7909
1785
3447
8598
3876
486
7315
3347
9648
1211
3523
2334
631
7389
3035
8428
8446
3731
7945
4649
3618
8152
8137
440
7026
3166
2655
2680
2693
7265
1304
7103
6084
6070
6074
2684
6349
9108
9125
7129
3380
9812
6463
1126
7306
5938
6365
1890
8670
3925
6552
5544
6829
3435
7141
7487
6423
285
4584
3955
2401
9148
1974
9566
9977
325
7606
7165
4697
4961
7599
7156
5352
2837
4078
5494
2833
9171
702
803
6377
390
810
7056
3335
4080
6666
4942
4487
4880
5185
4926
861
772
6653
581
3415
4978
3429
185
9897
2892
559
6447
4265
8968
9169
4682
8277
7533
2251
1115
7410
3601
1148
6696
7427
6377
854
3055
9932
5525
231
1111
6282
7808
248
4340
9014
7308
2217
5420
2151
1070
1462
8203
4349
3826
2962
454
5177
5483
8547
5875
5746
5884
3015
9916
171
5448
9815
6203
1025
8459
3429
2260
1247
9761
5751
2475
4795
2155
7702
3300
2135
7153
4529
9766
8189
7489
7805
1796
5567
3841
1118
2172
6604
2654
8038
1483
8916
4806
8442
7505
871
9887
3516
4850
9841
5815
8405
5063
9871
4891
540
7776
8729
6887
2716
6488
5491
1676
7980
6387
4557
9453
6718
3617
1779
5549
9211
632
8189
3502
1059
4311
6923
4233
1287
3329
8044
2356
8760
8499
3591
5296
2001
9391
7051
6762
4545
8277
3926
8223
9723
9868
538
799
5924
7693
4743
4145
2214
2518
9272
1385
7111
5196
5292
3057
8129
7448
5932
5183
4232
2424
7949
8487
532
3952
4761
8961
6731
4900
2676
8168
2608
4440
7654
6054
1428
4223
1021
7626
3149
6981
7494
2391
5409
8323
2509
4533
4265
3101
4770
5189
9729
1717
1655
2091
8493
5874
2263
3730
8871
9330
8500
5722
5121
9057
785
4115
205
7261
9061
6229
8173
5669
1919
4347
1014
3896
646
9531
3101
5964
5483
8197
1639
950
4836
207
3721
7204
5944
2199
2777
4401
6001
2220
9724
2833
9722
9448
4664
6001
7936
2417
9130
4568
4653
7946
3420
3275
4090
4055
4374
6287
7099
4860
5634
3423
6198
3800
4374
1488
6048
5877
845
2759
3077
9255
3476
7400
9622
4478
3213
4795
1014
1969
7960
6396
3740
8755
1689
5872
6772
8354
5112
2835
6990
9503
1145
4365
8710
2671
2602
4701
7845
6020
2166
8359
9860
3303
396
8812
2509
7080
6463
8164
6805
7510
477
564
2941
1177
3282
7372
3851
2110
8994
737
203
9363
9754
6949
5587
5927
3043
7166
3233
5320
867
3576
7081
4188
481
5832
4949
9418
4414
6262
668
6845
5423
1657
6128
1852
956
2515
1214
2678
3723
7613
1642
349
5716
1188
3299
331
9017
7970
6398
2679
672
4626
9697
2595
4179
5760
1494
1467
2280
2535
6412
4029
7813
8937
9737
8924
855
4471
3735
952
7272
7996
8405
2876
344
8384
4057
2977
8614
6540
2854
7866
4698
2221
3762
9470
5044
5813
7970
217
957
2452
4105
4760
8501
4208
1395
3408
1601
2585
4637
8812
2732
6342
4523
8586
3072
6735
8800
6809
1289
2443
8754
6128
7118
5624
7796
4607
7921
4033
8172
2354
4764
6258
5048
9802
6957
7206
3374
3835
7313
4176
8455
3077
2138
937
5946
5261
4817
6088
3844
7195
2405
1674
6640
3743
8814
273
2383
8835
2063
6792
6800
8031
6889
1511
5142
4511
175
8184
5515
7018
2962
1939
6165
9997
1175
1932
8679
6992
4932
1630
9245
1301
3246
5922
3647
1757
2748
7743
1018
7951
457
6682
3516
507
6385
6922
1563
2694
2715
8254
1712
5967
7829
3998
6542
4448
5072
9857
9237
9638
9610
7976
9177
6660
6189
1546
9591
7945
9942
7498
9285
1910
7170
976
9650
9198
9706
5248
2028
1027
6987
705
7969
1754
7585
2490
6691
121
8696
311
5636
3220
89
3929
4750
4920
2738
3000
7507
912
9068
169
1122
9856
179
9825
2306
7496
135
588
4713
4240
2714
5146
2085
7754
568
3925
181
4654
4067
4357
3053
6186
4098
2285
3087
4710
5991
5876
2104
881
9505
2405
7836
3698
3112
3882
1088
3846
4105
3657
5220
5776
6275
9303
9455
1299
6341
7225
6996
3569
3586
2464
412
4402
9352
8839
5683
7417
9212
2385
5422
7524
689
6477
3074
7690
5531
597
4242
3856
5437
7826
7871
5652
8940
1203
7870
3658
7091
39
723
4617
5448
4903
5839
8561
3336
4056
5583
9730
5306
5404
3540
1557
2006
6343
5795
9756
2096
3347
6995
2317
641
8520
6270
377
8219
6471
6713
4735
2530
4476
1771
7545
9217
7574
784
432
4064
2192
5192
5286
1736
4989
3254
4220
1414
3667
5517
3608
2681
3488
2222
3345
5486
7784
4826
1130
7844
2881
5474
4360
7982
556
3411
2080
1724
8887
689
6557
4854
648
1535
3929
6121
7772
9819
6401
1639
4412
4015
9630
4212
5084
4415
8488
2155
3596
723
4602
7567
4948
6506
5269
8749
6581
9842
9520
6648
5690
2112
4071
2132
9855
7631
9555
731
1628
4094
1787
7804
5101
4059
6600
4031
8770
3776
4467
1908
1590
1155
2068
3001
2752
8158
5599
2944
4048
2012
1896
8196
3767
5455
3748
7799
6161
3778
6465
3585
2412
3273
9142
5013
5794
459
6481
5846
951
8386
8931
2566
5279
99
1867
9198
8438
86
6342
2431
5306
7893
3283
6311
1132
9990
8448
2731
629
5449
6302
8184
8990
8508
8940
1733
8727
1914
6233
9791
4331
8915
5385
9259
2840
5133
2641
455
1010
8325
5023
603
3900
554
2130
9689
9272
6513
9716
4384
2363
9151
5225
3872
7404
5124
3294
5626
4355
7654
4863
8449
3350
3488
4923
1896
3615
7953
726
7362
3540
1723
4783
1433
8851
1707
3641
2967
7094
6559
9099
1076
1947
6011
9405
2745
6468
8312
6766
2549
9106
8243
694
3322
6782
1503
2580
4015
1986
2008
700
7984
2363
318
1404
2461
7388
361
1816
8294
5574
8424
5074
7028
2329
6110
506
4368
541
3810
8738
4694
6702
2175
9964
4602
7858
6694
1174
837
7188
6395
851
9737
68
1386
4276
8868
7269
3502
4773
9649
6070
5281
3502
7515
1476
7007
9627
9399
8690
6338
7627
3630
1010
6526
9827
5313
5680
701
1445
7027
6834
2456
2377
8602
6733
361
2499
3094
1490
2926
5539
6197
890
7516
1714
6840
6726
2020
2391
7472
5996
8319
443
5267
4844
6864
9145
3439
4198
8667
5169
4943
4793
5801
5553
7057
3879
5636
1636
5143
1852
4067
2088
2095
5082
9685
2664
726
7008
5274
5715
7087
1774
5960
307
8486
1787
5800
518
7453
9395
5508
306
3676
6501
9796
6618
781
2449
5257
8081
9330
9961
2433
6594
4338
8729
7048
4348
2148
5515
5793
7575
8224
7796
6366
4508
1297
4824
4765
5789
6872
5046
5841
8976
6607
9496
6457
2392
4395
4620
6570
2056
6649
4304
2837
5439
4614
4102
5630
2856
8563
5719
1443
7681
1620
1050
9753
439
6221
5535
9160
2080
7969
4710
6121
4929
4299
9294
3679
2409
874
2820
5338
6611
5165
5742
300
2252
8239
2966
1728
7544
3728
3312
7268
3488
6494
5583
1891
6370
8291
1172
4757
367
9771
4207
2747
7543
9001
2856
508
1581
6173
9952
1117
3727
6445
6302
6312
6100
6905
2033
2495
1792
6031
6810
3260
7588
4085
9113
2666
2147
3289
5016
5633
3330
9769
8886
7043
3985
987
6732
7532
4298
6325
4253
4180
8197
4517
6514
3250
803
3270
3518
7792
2158
470
6112
7659
758
3451
2318
2995
1646
902
1056
5351
5714
78
729
6596
1314
2165
1478
8732
355
2144
2077
7338
7314
3023
3736
3929
359
3850
2795
123
5594
5249
5169
2317
4912
3105
5983
9429
3192
1039
9624
4916
172
2478
7418
790
4010
7422
7545
1182
3518
882
7406
2780
4280
1568
356
3159
68
9048
1896
8070
3937
444
5338
6449
3029
4981
1998
3004
8241
5000
3425
4949
712
1461
1251
7360
8046
9238
4440
2882
9679
6318
2939
9898
4520
7242
2714
1444
3162
1338
8866
3948
8968
7834
8395
785
8956
9507
5328
8430
9043
5786
2296
6953
2024
2635
4354
946
5903
2299
2374
6729
91
8912
7235
7801
3096
1362
5400
7787
8474
7180
7676
4475
4631
2362
4703
3950
8061
2189
1108
4511
1591
9326
1214
8579
2036
9441
5924
1279
991
5405
1500
3551
4401
4735
2713
545
9941
6014
119
5041
1173
6063
9291
5496
3951
1042
3061
8557
9812
1964
7032
6499
3724
3540
5296
2358
5656
9116
8110
6570
5270
93
8535
7925
4937
5905
7560
4951
8071
2027
89
1717
8241
5846
4375
9159
6109
2154
8593
2779
8490
7609
1175
3523
1627
4798
8130
8379
5818
7648
6870
6557
372
5487
5398
6663
3002
731
9274
8300
761
6727
2230
5248
7207
6953
9445
4949
1063
543
8888
2484
9079
6017
8127
244
7892
8909
1681
8223
2050
7350
1587
6954
344
5656
3972
9873
2587
7607
3145
7545
9458
4947
9140
4116
5737
5846
2267
5113
7947
1926
2554
4796
3633
8703
3449
6503
402
2708
1851
5031
2008
1868
9199
9531
7023
8984
6648
7290
6516
2619
5293
1349
5605
8557
7050
4632
3567
6190
9977
5498
7366
7436
278
5076
2295
3390
294
3552
6406
4218
7206
7689
2480
4477
6917
1948
5285
4772
1865
7072
5576
6825
203
6373
4686
37
5554
5962
8204
716
8099
695
6905
4177
9981
6369
1609
324
6144
8963
3434
3261
1580
3149
7383
5625
9910
122
2431
9621
9654
1972
8040
8889
9862
9987
5530
2655
6381
5786
8707
4104
7254
5839
4409
7026
81
6690
7239
6823
9129
5832
4715
5362
1226
7462
8523
6776
4844
1291
8317
8439
2856
4399
918
6225
7795
2836
9047
4443
9093
9011
6612
4486
122
2403
5473
2219
9777
8575
4348
5999
3074
3989
9143
8935
2211
6696
3684
9265
9510
3144
5487
8530
6753
7793
9427
8381
8630
5126
6233
3599
2627
1818
1252
9187
914
4848
8660
9295
4603
4671
2023
5098
2775
1604
1416
5691
7041
3727
7696
1455
9198
5523
5654
4228
5049
7764
9623
4240
2984
8803
2563
4871
3721
7339
7559
6186
5261
4760
2829
4824
1745
1270
416
9989
7498
8009
3897
8439
5578
8056
3391
7648
1570
8627
6617
5075
2250
2480
1557
1749
6399
6834
112
2438
4272
5755
3331
5784
9969
6915
2440
5620
8288
1621
7175
8300
6379
530
9255
687
2772
5376
1873
8991
1347
6456
1872
3760
6209
6229
8587
3965
6523
8601
7811
4380
7292
4714
9138
8543
4636
3844
2677
2738
4820
5374
277
9764
6435
3747
3794
5621
3962
8686
8402
2295
1880
900
1368
7226
8183
8251
693
6154
5617
4072
3491
7437
4254
8346
8922
1364
7761
696
7907
2035
4972
2109
9894
4408
5086
693
5998
4892
5929
2663
838
8032
4686
3024
6411
5961
5892
6990
3325
2446
2236
1317
3679
7683
6536
4593
3057
3932
3415
2328
7815
2559
3817
2532
151
2034
327
7962
1850
9303
4699
2449
7591
3946
308
1299
8279
8154
6853
8895
6556
5417
201
6969
8306
8815
2317
6136
5124
1407
7592
9117
7165
3858
8973
3590
7186
9047
5132
5138
7938
7961
5324
6687
8067
1947
6865
4107
2973
5427
2239
6909
3173
2594
8309
5956
7644
3352
8078
1270
5650
9431
231
7033
2981
1579
8238
6471
7120
7881
2426
5841
6359
2267
4399
6993
2792
2459
3806
1608
9295
6457
7915
2569
4316
6909
9343
9108
790
6499
3261
3368
971
2442
3824
4328
7412
204
404
1423
3635
9563
541
6913
1303
4592
7920
1049
1232
2687
9160
103
3750
9052
7566
2670
260
1066
9567
2848
4861
9783
8902
4829
5071
2819
3728
3777
4583
2695
9308
8047
9668
7313
9515
7744
3690
6018
9182
2799
4188
8277
8118
9955
2563
8962
4965
4823
5014
5830
4626
3051
2730
8322
1792
9210
5874
3887
7459
7162
4467
3016
5440
7824
7984
5585
9819
1875
1727
5485
803
3551
452
879
1681
3675
7395
4895
4074
6038
3378
2129
6968
4316
8506
249
6841
5954
5758
4061
9451
8175
7628
3110
1385
2543
64
6428
9840
6669
2876
6676
8649
5636
3530
9398
4672
7113
9837
1973
6828
9093
6733
3588
7915
726
2790
8537
3745
7618
2315
9122
8532
9509
9524
6755
5598
8190
8915
9423
2208
5602
2664
1664
9335
496
9490
8474
9202
2019
5513
5628
1094
3987
6311
8815
8788
6248
8181
4859
49
9356
3156
2075
9577
9509
1002
3352
6500
2471
171
3322
6351
5051
9937
1428
4105
5937
7024
6445
3157
5972
9709
5117
844
2940
3094
5682
5944
1340
975
3250
8567
8806
5833
6874
9549
7293
2255
9700
4780
5596
8198
3910
4619
3043
1024
7252
6081
5656
9209
8867
1343
6859
1832
9968
1569
414
134
3408
4103
2272
1146
1227
7927
5476
7329
9395
892
4920
2773
7776
3790
3884
7304
6679
4046
9419
6957
9604
198
2690
9949
6662
3664
6604
8222
5725
3039
4905
4229
6793
7287
163
6197
8094
9003
1026
2870
1530
7673
8012
6548
2313
8087
215
4367
2384
1677
3511
5290
6291
9076
4965
6251
4716
2896
6074
9076
5151
8929
1617
6355
3078
3708
4664
6263
2455
6860
2601
6259
4837
9307
1376
2143
7909
1175
7390
9090
6311
4358
3036
7130
9527
6102
7082
5915
8733
1138
1573
6783
3839
1450
9461
3545
3579
6137
2451
9512
683
963
9359
7179
8626
7264
5184
682
8964
8697
2163
9853
3459
9860
6043
6119
5786
6923
923
3805
8055
4639
67
7468
911
2269
1652
9135
9719
9145
4401
8696
3506
7584
6916
7082
930
6405
3032
1636
4362
365
6027
7263
9946
8948
223
9781
5954
8746
4601
8525
8442
8065
5379
7080
7791
5742
5167
7511
9296
3587
8128
9065
7396
4009
1685
4248
604
4160
9540
4488
3827
8850
5602
5034
9312
5130
1598
874
3873
2141
2602
2522
851
7399
3767
2631
4900
9596
423
176
9911
3904
1931
5763
6281
2243
5595
2544
9144
9121
6929
3273
4618
385
7988
5524
891
3138
8147
8712
1451
1422
3632
8078
8832
3898
2123
1295
777
6029
1749
4209
6376
9617
244
9840
8281
4848
4118
9550
8336
2124
2845
2719
6323
2989
5683
4094
6907
8615
2361
2023
594
4230
4578
8968
9976
6625
5011
5168
2299
8693
5936
8500
1909
2443
1386
722
6192
6353
1931
5131
7717
2731
237
2627
8385
4515
894
7454
1201
9702
6943
2248
164
7165
4335
6637
4539
291
7377
7873
3608
8733
6103
5345
6710
4580
3373
3786
8167
1411
1649
8429
4218
4399
267
7815
1285
2692
3185
1815
6906
7187
521
74
3354
4349
9235
3511
2147
6129
3362
6337
7412
1900
6752
8426
2900
5591
2537
8148
9678
3414
1782
5328
9080
3959
4753
9304
9043
8091
7078
1572
6738
293
4657
2919
1669
9084
322
2606
4276
5754
6696
6084
1597
4316
6626
9718
5130
5960
1107
9225
740
6710
4501
5048
2994
3298
7169
3611
2930
7747
8774
8034
2946
2310
5608
5757
8957
5933
4014
4178
8705
2756
354
1742
2219
3517
137
7401
906
9929
9383
3569
8247
9737
2961
9810
2740
3766
9469
8759
1331
1551
118
9810
3209
8651
7114
9867
1691
630
9276
9740
7197
4529
3876
1819
3583
6201
1763
4576
1494
1020
2242
640
3546
569
5431
3187
1177
4395
7835
9485
2023
1565
9053
3775
4950
2838
1628
3603
3578
3351
7658
2413
2473
6523
6610
5789
9436
4619
605
630
2776
8214
5616
9207
5991
7431
4096
4895
4967
6400
1597
1862
6634
9697
4491
608
2902
6568
7361
8706
5112
1874
7110
3536
2075
9590
7232
5978
8570
3701
257
8110
2104
3372
3900
4319
6870
1556
2935
4057
5296
998
9833
6835
1478
7203
8245
7383
1848
2981
9831
115
6388
9474
4709
6939
3947
9875
9103
6330
5603
6642
9336
4941
4090
3228
258
9098
8904
5631
6899
8675
6683
6988
5002
6384
1824
902
4978
1039
1416
5657
51
4042
1939
1670
4828
4532
3278
3457
1804
1432
3122
2233
163
3734
4006
9206
9377
2897
247
3328
9693
9806
3169
6374
7327
2420
5570
1822
4494
2828
6371
8227
8019
6502
5536
5534
8586
2679
2328
9090
3703
3113
8054
4894
286
6405
4952
815
1817
3592
4953
2653
542
6063
8272
5635
5098
1087
3684
1961
5508
3894
5982
9926
8696
4078
454
6441
6692
7066
7430
7532
4506
7007
6578
8534
6443
9978
7395
2046
192
336
9140
9367
6454
2108
5781
3151
3968
4764
1246
8281
872
7378
1764
2829
6167
3966
140
4911
1940
4390
88
7397
6771
3234
2588
4445
4555
6781
148
3242
632
2218
4229
2029
4704
7238
9627
2048
4782
6620
5899
6622
7648
4252
8709
9272
2363
4432
5914
1693
9181
6277
6150
8964
2487
2818
7419
6771
544
2579
8770
72
7807
9471
1245
5179
4145
1709
4454
9654
1385
288
6895
8694
7996
9259
2489
1075
8502
725
1303
920
7227
1735
9772
2200
1504
1991
366
8795
3824
8225
2032
1343
6809
6070
7021
8390
5566
3193
7496
5129
5355
2315
6307
1774
6916
3375
5985
9911
4621
1052
669
672
1379
2319
5941
2417
7966
5184
8452
924
5226
484
9127
6899
1025
7394
3490
7179
4905
5321
1899
212
441
3226
6111
3285
2188
4000
6485
1110
2263
4755
2828
4791
3810
6932
3149
2944
5244
861
6036
7194
4152
1040
2243
3818
4611
2621
3538
7599
4144
9716
3133
3248
3253
6203
9334
7217
5431
3286
7865
4314
3382
6392
2838
3370
337
8954
2071
7403
4263
3520
2870
116
8316
8946
7299
5968
5443
8765
9071
7936
8466
4573
4076
8077
4004
9647
870
3683
8082
3505
2179
7294
7977
8582
1835
6397
4310
9623
382
545
193
8177
3507
741
5555
1783
282
3631
5383
718
5135
2988
839
2397
5747
1674
67
3817
1737
704
1585
4122
9531
956
1642
4466
4434
2768
5353
6043
6422
7051
5780
9619
4655
3190
6319
9139
5340
2416
8961
2280
3293
1275
9907
6862
8461
7027
1782
4805
5515
3949
4708
2868
2451
7729
9571
6318
3087
4187
3659
648
9077
5258
1646
312
244
6703
5148
9392
2905
4441
1183
8911
1219
37
5419
6863
1365
4769
7818
1413
3464
561
3128
2206
7819
4809
3488
5557
4231
4760
7622
9211
5400
494
4132
604
4198
3975
1576
6236
4360
6299
1465
2831
5383
4740
1257
8822
3775
9417
9667
5097
1966
9747
944
4025
6073
5125
2602
783
1882
2598
4662
5249
4969
1981
60
4593
3406
4337
5471
3833
9674
3661
2689
505
6500
263
4332
3928
398
8175
882
8830
6377
9707
145
6961
6724
1444
142
7334
626
5201
7395
9331
3036
2853
9047
7295
2875
2883
7213
3869
2346
2558
512
8219
8959
4718
7702
1336
6891
7791
3973
2067
7306
9098
330
2843
9384
6144
3700
5104
391
7698
3585
4175
9813
4441
7765
1523
8509
2412
9738
3600
8601
4839
541
8902
3105
4022
1311
7382
7771
5132
3888
1256
7503
2231
316
6553
8440
279
6736
9818
5909
140
8901
3340
272
7921
4888
190
7212
833
8437
6552
7599
5415
7733
4021
471
8794
5445
2398
8563
101
6364
3596
6266
2854
1272
778
659
2126
8184
544
1185
6483
3216
8885
8353
8554
589
3627
1043
1999
9349
908
3781
402
1795
8911
3700
7553
2910
3627
6352
8742
6898
9142
5376
5277
5234
1512
3794
2004
3959
2339
892
3987
880
6946
2924
8728
7311
466
4108
2321
5802
5266
4654
8943
7233
2051
4808
4241
7391
2781
3129
5092
995
6140
2008
2765
7247
5282
6530
2865
2162
3952
8755
5611
5490
3333
2787
2953
6558
4191
4253
787
5158
3045
918
3285
4197
3600
5642
8027
8322
5987
8051
6075
2514
4271
9904
6935
3572
2785
8593
8227
8627
9882
8549
5396
3204
6218
4192
396
4434
7382
278
9252
4150
3301
1135
1092
5091
7311
3701
7570
6182
35
5449
8101
7617
3476
5587
9205
1367
1141
6080
978
4655
4812
4127
8887
9751
6887
6909
4125
9374
9538
4845
4800
1932
2248
1994
2430
2360
5798
4140
7621
3655
2202
4986
147
68
2120
8268
7000
9236
3749
1443
498
7548
3102
2856
7506
465
33
2055
6816
9028
8412
155
8133
4532
7866
1113
5374
2613
7415
2164
650
3698
4976
5182
2713
6757
743
3527
866
8559
5339
1501
7752
2234
2990
1127
2129
9747
7993
7322
6601
7803
7041
2280
9723
3220
1005
733
9993
8656
7586
5292
9577
4034
97
9517
9350
3592
5688
4252
6383
3778
198
3351
6253
8003
1442
2767
3953
3132
3108
1141
2787
3756
9671
7903
5982
5281
7513
6995
1486
6132
2946
6994
878
3957
3111
1273
4617
5843
920
3103
8209
1775
9379
8005
7133
3032
4288
8737
5952
5226
353
716
9002
5941
3651
2895
7500
2059
9898
6189
4646
6638
7750
325
8034
897
9217
919
3551
7169
5263
7480
263
2037
3459
8105
1218
8010
7311
9656
861
8369
4893
2595
876
6291
1424
3961
3155
2045
6764
423
2730
5048
6908
6024
2885
9040
4083
6337
7706
632
936
7246
6136
4468
5561
7698
1770
5793
4196
4292
6875
4749
5444
8243
3731
6607
1486
2422
1586
5170
4955
9584
264
8249
3750
5116
5262
1551
7051
6563
597
2745
6660
7070
9822
6505
1076
5559
1255
5189
5151
2216
6655
1803
601
4237
3513
8223
4067
1870
8452
5238
8410
10000
1903
4634
6937
139
649
7879
9187
6833
2752
9920
3297
1748
3400
2224
3815
7824
4881
5048
9583
1238
4382
7187
5099
2116
1196
7458
4865
3433
546
198
7887
9399
2495
9950
8466
9809
9391
8203
1713
5021
6096
2674
2827
8093
4631
798
2174
7144
9211
876
5065
4649
6388
827
3973
2280
8080
9789
5731
3982
7607
9421
8483
4370
4092
6629
2935
3963
8734
9307
7897
7055
1401
8040
6448
1842
2964
5585
5194
2211
8403
3425
9182
8823
1358
9746
9504
116
6827
2201
6993
7930
5923
1674
8361
1381
7799
252
708
1828
5608
5908
5601
2095
2874
886
165
2887
2313
8058
1946
700
4299
3976
135
6848
822
4562
6194
6090
9388
3048
8501
3365
2269
5256
4035
5515
4844
5014
1162
2108
5440
6568
4219
6924
7001
4251
2652
7131
5647
8758
2069
9192
1195
1498
1946
3386
8562
9315
8238
935
7000
7199
9398
5366
9639
422
6490
3029
2755
4743
9707
2764
8467
9572
9968
8994
8961
4502
8816
4105
3258
2407
7028
2783
2441
5153
688
6153
8310
1465
9659
2005
1050
545
6439
9836
3790
760
6553
1996
4045
7770
5332
3753
683
366
404
8369
6106
7134
5807
7449
9260
1978
922
1614
7523
2746
1948
8609
2345
2774
1371
242
8125
6812
5036
4136
5632
9027
6146
9699
774
2796
9482
1304
2412
4952
8468
2005
1283
6809
2557
5824
4499
4388
4733
8080
3416
8844
5855
5319
1913
9209
2247
6157
8659
5080
8694
7030
1746
5413
4533
5569
7389
9206
5328
4399
3843
625
1889
4211
4692
5239
8036
8459
6320
6849
9783
1745
5967
7040
8103
8215
9543
8414
5930
7527
7959
3495
9549
4608
261
3550
5248
9534
5738
9873
7180
5944
1268
7907
5672
8465
453
9928
6383
3046
8265
9263
7649
4039
6750
3588
7039
7125
4539
621
1791
6448
8251
8134
1990
759
5209
414
1907
738
1046
2548
8922
5886
184
7313
5245
69
3962
1668
3702
682
5325
969
6220
2004
7382
6762
3886
5137
5887
226
5153
7201
6796
1195
8525
6571
3664
4052
8200
4210
5470
8570
5064
5014
3597
750
599
3450
9939
3066
9787
8869
5794
2123
5023
8388
1095
5342
1141
4608
5669
7862
4241
1241
2245
3357
2520
7753
2211
7307
2702
8251
3921
9709
1919
6000
9542
5006
8686
7537
1374
4368
6053
5924
410
5617
4512
5798
5699
8822
7630
1882
6587
9393
4237
9656
3572
4929
6516
5527
5893
9175
9337
1791
6956
6273
7105
1310
2146
2681
3509
621
9309
903
385
9297
1031
93
3208
8182
8238
4002
3262
5813
9088
2403
3442
3881
4533
5633
7602
3459
5003
86
8481
6943
5388
5714
9588
4640
4593
354
7110
5677
765
900
9948
4749
6211
7119
735
5087
9319
8542
7612
7396
6878
1618
6083
635
1048
5394
5861
3703
7593
9206
5683
2034
3006
2823
7463
8661
61
4390
6499
2273
488
7265
5255
1262
7912
8444
1789
4916
9294
5159
1638
6549
7393
822
8680
7478
9179
2004
1371
2505
1902
1669
4718
107
5316
3586
827
6218
9829
7310
2587
5757
7889
6743
3015
2195
9210
8860
5709
9424
2849
263
7186
9628
1218
3204
5902
4042
7401
4422
703
3097
489
2316
3715
825
8537
5990
8509
3121
4594
9855
7623
7242
962
4274
5901
4164
8769
6083
4407
212
3511
951
1852
8747
7384
527
4826
2189
9832
4802
1861
9508
2115
5064
7976
3116
3258
7803
3018
464
1982
6616
8898
8395
600
9890
5061
8895
9859
1842
9913
1138
6460
3882
3545
8736
3214
9961
5844
1020
703
8205
8069
340
3091
7588
778
2462
8675
2289
6643
8826
815
1900
1409
9312
1052
9805
6598
1804
3189
594
7646
6572
2196
635
6618
2835
8706
2404
9061
9567
5412
9671
3769
2619
646
9644
1017
3286
9772
7848
2086
2414
9682
682
231
5710
4904
3056
6401
67
4362
7264
8043
8212
8982
5939
6690
3414
9582
147
4323
1954
3685
9307
4840
7193
1234
8276
6902
783
7468
2374
4616
6214
5026
558
9161
650
9063
5719
9041
9774
3136
4169
2696
3121
2380
6797
5328
8557
1760
3636
7350
8986
2270
8755
9926
5281
9507
3939
2372
1672
2120
2280
4450
5683
9653
9077
8614
117
4675
1264
9916
5642
9007
4405
9867
9958
5498
8334
3003
1998
5451
7470
7629
8519
3783
3932
4544
2446
6730
6568
5043
7770
9719
2097
2955
1543
359
792
3350
7807
7434
9439
786
4938
8900
3109
737
4548
9064
8465
384
2928
5494
9555
1485
607
2659
518
2582
2720
5045
7625
2922
4252
9699
7498
4771
748
5349
3297
3251
76
5468
7011
512
4686
1151
4449
4182
1503
1587
8111
779
1836
1917
6501
1341
7065
973
4479
7088
6753
707
2044
7368
5012
9676
6022
5077
2427
104
2708
9496
68
2888
3261
982
2673
9811
6126
8052
5021
644
5319
2008
5013
8543
1429
6152
935
3743
7753
1620
1498
3101
4733
2257
7593
9377
7136
4559
116
7038
5105
1651
9314
3259
4506
7031
4642
363
8005
9140
3990
6929
4156
7563
4799
4241
3408
8101
7986
1335
7337
8105
8869
75
7720
6495
7350
1686
5582
3822
1924
377
9487
2848
2314
4315
9852
8906
7756
2171
9686
6535
7299
383
7410
1653
8919
4879
5565
8523
8644
3533
3015
4924
317
9884
8997
9085
4297
5957
4477
691
5879
6716
6527
6368
510
4863
8656
7499
381
3479
8850
2317
6487
1702
4924
7127
9829
8378
5038
7413
8247
8568
9897
5012
3811
5999
1130
4324
7383
397
5870
4731
1149
9958
1119
5286
3282
8220
8623
2643
2853
6009
5599
9794
9176
524
6952
1522
3827
6527
8718
9230
3300
7550
7804
1091
3887
4740
2189
4008
4059
4219
4795
5114
2147
166
5303
3942
287
148
7097
2705
3486
9168
9876
6511
2264
6484
376
2414
4945
5275
8801
6657
1874
2616
1071
6008
8261
2834
3691
7659
9520
8802
7296
209
6627
3743
1310
71
9477
1473
7073
6636
856
9359
7370
3288
7768
1425
2220
1419
9282
9910
3241
3087
3833
8085
1405
6389
7437
9592
7443
2440
1253
8222
8744
7666
4202
8987
9952
384
6917
4846
9976
933
4166
6875
5307
5361
6394
6459
4477
966
5472
509
6948
735
4689
3139
8387
7877
6474
9970
5500
8889
5339
2273
965
3145
5277
1058
5193
4738
6687
4014
5384
7916
1778
7654
7891
1934
1540
3274
862
6425
8157
2546
6887
4589
5556
4558
4378
6660
4529
8567
206
1678
9519
2996
4831
9042
4726
5931
258
5578
9614
6446
5799
4737
7771
4007
7761
5257
1269
7298
4214
282
1379
8216
956
9193
9220
7722
481
4864
769
7061
3570
6739
6531
5420
2014
6960
6117
8894
6208
777
8296
6777
9208
5744
9605
300
9776
386
729
625
2800
3086
535
3506
2694
3714
1805
8262
