25626
20011
15736
89549
70301
48512
91260
98291
94977
82666
34769
43655
76168
93664
11437
42897
71955
23700
43437
18742
59837
29462
44637
74846
82748
80688
836
90388
16666
77894
52239
51131
17938
23
43659
59556
67667
34394
53442
32982
57573
56832
3425
68763
31803
97453
72175
59026
97889
63635
48169
10909
33707
73488
79794
54707
86488
80453
5530
68062
8478
98844
5032
7219
58817
94804
80387
79464
67171
80848
8845
31828
83428
60397
44376
42501
38942
49360
40076
93164
86435
88907
77719
90080
15365
73281
424
81857
14280
18304
78200
65468
37464
65642
18161
48927
35347
69180
96340
83351
8615
16029
97674
74387
39941
5517
57187
2174
71200
41457
46855
51359
54492
63416
88090
77402
39638
23665
94943
76489
24197
48371
63059
90209
36033
92107
31403
2903
81592
43964
27339
41072
28119
79381
69468
33400
79242
98108
96020
66583
94220
94028
77365
65800
79390
11076
30697
1930
9382
99632
32490
5687
61462
40207
24200
69321
16288
2950
32417
81453
93944
92640
64873
94026
49653
87753
65994
44085
52197
91869
88842
46335
55846
28566
91510
88847
63070
77708
83129
98890
65836
41721
17524
54108
98518
72891
53259
57928
5899
73568
42041
69953
56297
56573
55714
77715
65060
3795
59673
86154
38156
30521
51329
19939
56656
82808
44373
72253
36984
9602
96057
13548
70781
92921
89677
91611
92902
74499
957
24048
26063
27229
79167
34138
89620
37909
8680
55782
55127
66671
95114
16580
14936
2017
59445
73837
93452
70615
54741
7314
93049
34881
34677
47451
68132
95880
63340
61044
95114
4094
20903
33541
73395
63179
95052
15408
10955
15958
29549
60251
22034
91759
44022
67857
63406
15274
98573
12827
78504
75420
51235
22531
40467
91712
98871
91232
8806
23350
82136
56041
8298
90109
31880
58471
20321
3584
8073
63771
19121
98757
86498
95888
99874
5288
2177
56839
80240
22445
86440
97814
68280
21391
17622
21944
66011
69743
24932
45094
7561
46945
19973
8956
67053
45054
31309
7905
35102
40016
55426
90489
25612
91884
44329
10160
76527
34017
20334
17964
19094
58701
64279
36685
72383
390
22548
79246
49905
81775
64688
32710
67777
95679
33769
65790
59443
67324
48625
39499
1171
29240
84962
80055
3194
54618
93467
32473
29982
18539
62012
17920
7150
54296
33351
91547
12761
84865
66105
20084
64159
19538
33347
10805
89841
55804
99789
72771
49564
6829
89171
45738
25004
34147
62622
38540
22338
34379
77763
52930
32248
71608
81195
32857
65295
55601
90687
10859
62218
15829
36903
79745
12291
63989
50169
41199
90653
90691
21332
34949
68227
88214
45300
86803
793
88877
61363
48664
9019
96996
3353
17322
24339
1879
34441
92190
33857
4517
35920
54537
99043
69235
82113
93491
91668
75623
41811
5908
87542
55222
87039
58350
27280
73091
23829
98863
66695
73156
94193
76945
16336
33598
15893
88387
40636
62563
9789
89242
84069
35735
88328
18488
76705
17959
76508
25480
69160
70189
10915
95510
55628
80872
9856
84600
31882
25904
40104
84162
88976
83332
64229
29696
24060
43799
38877
96074
85988
29792
19706
67242
99001
53591
86774
59951
34998
96853
59846
59124
70691
63891
48694
58754
58947
98848
17882
64432
65122
37984
26464
61575
11655
65649
7942
76483
33088
22498
64242
79194
73514
94654
83218
99906
8519
839
10886
25390
89537
6361
13892
15377
83570
57854
3776
29311
63312
70200
26821
15034
75706
30188
27865
70338
63887
99598
85899
98811
20881
10198
718
42153
85827
75969
2197
41912
53963
77386
9106
18608
43083
2163
8448
99271
34001
64055
3882
26389
23373
95898
97641
38783
17447
59955
55866
39155
4137
26995
39902
44174
20115
83440
72670
53645
43129
20473
4351
64333
2926
39307
34118
67657
87590
88375
46190
94942
35227
99772
10971
95700
45741
37427
70122
14727
65325
82021
39441
3094
22218
83359
8610
16906
48445
12832
41467
17195
11732
38208
52855
84121
99487
43167
38334
21115
26135
18106
21876
79875
9126
86880
95248
18461
51233
29702
10387
67438
58524
27118
83724
1718
51790
19145
47635
32863
21651
91554
87763
35101
7831
12356
98358
82965
77845
4489
19971
6164
87079
48277
91650
49017
90696
80526
58626
83919
77154
80322
63027
61441
61677
58275
26713
17662
14149
17014
44339
82817
53930
97524
42176
77026
34770
24406
9218
87302
2010
82566
74508
40573
58951
41196
29219
39424
74740
21036
33410
67757
61005
5848
365
86617
78726
16517
20608
30045
47331
97902
53349
44207
43880
55635
25274
31949
10307
14466
83982
92681
41367
38306
24807
6558
71425
80449
14600
1104
65811
34076
51931
80372
92696
2484
92082
28330
78171
53885
74030
96441
26829
75857
12417
22100
29439
8895
70882
29931
73838
92631
37062
13695
45079
8350
18505
35789
44431
59848
55019
8356
16750
40185
45504
90509
16316
65229
88593
51835
37986
69023
31271
30000
92687
15990
73559
28517
84030
63035
36236
58737
67751
47380
61502
10610
12574
44157
27587
29440
7981
28549
22608
22645
46889
73613
24212
42139
62213
73526
5431
8051
36775
84665
93486
72944
77566
1636
24052
12112
34803
4971
56190
18844
38931
19754
1912
31415
37459
62313
9747
71216
11486
39418
88932
10497
59559
11106
55879
80393
80494
18416
10652
34850
56347
88587
68277
1040
91169
76028
48543
89178
83141
73755
81684
57433
68015
40462
5662
46681
57931
39766
86373
84048
8624
82209
34796
80163
64362
95684
27829
1324
93495
63852
26508
31951
39329
61334
56808
53528
54494
29435
2824
20855
51607
6571
26233
47560
78282
35865
40190
62476
12422
57133
17241
40643
80493
67584
53478
67590
27219
2292
27985
24556
69303
11328
48711
32692
91715
54650
12036
65229
81289
7804
56014
1025
8548
71192
58637
51835
73149
27710
93307
82627
18032
14052
68883
8057
80245
33614
81049
29784
70177
36723
66996
50246
11560
99390
90495
41642
11520
61327
85253
97951
46107
34156
58697
5968
53445
25946
54434
92502
65998
84853
31709
86409
76960
16613
32839
4115
65787
53067
90782
81797
52283
19576
56942
60632
67252
17013
67508
80975
49930
42653
98693
83618
14493
24893
28314
65180
27281
83101
50588
68005
2306
94130
32842
96186
63202
56871
46763
88149
93164
44898
71264
37290
36602
32846
99631
42706
18787
88674
12152
22030
4019
73683
31216
98908
59238
16430
84669
66523
44164
61216
83910
63491
39223
30846
89391
62601
25602
44921
9342
64275
87588
22791
94099
15700
32322
9709
46206
76578
927
29229
25731
23563
7660
56935
66758
24918
21599
2353
1679
87071
640
86808
26839
24409
10748
95712
68877
12302
53388
63257
58301
39858
14772
63947
45318
72903
99455
12552
94124
99443
24033
96281
176
38187
66454
60823
42786
37860
29345
27758
13885
18561
11685
26626
98654
85640
40353
4764
16387
39126
47017
81493
24939
97670
58624
77705
66764
91053
55788
72551
99673
26849
74961
22848
57537
33080
27106
45625
85073
89327
37036
13702
60812
20731
43337
94584
63487
40927
92048
85823
52342
85963
49411
4724
81499
68026
98712
77761
24275
23565
8259
56082
12767
37405
87972
67360
29752
99826
12584
644
37489
94614
44725
50487
61538
30822
14833
73212
75428
55277
2851
20006
18127
6515
35018
60086
63872
94621
19592
41013
42476
88141
72563
71331
72668
37985
78540
5401
32589
20928
75759
40403
6511
62149
12716
59595
71322
3155
40241
4947
82807
24788
34391
52117
723
54642
13282
48246
50475
53971
21614
37045
37026
84443
94080
83605
21722
68364
71398
32241
43893
40046
1791
82142
50541
44895
71056
30460
65747
74552
88533
17295
81256
57118
94949
35659
88194
99833
1284
8666
46769
77981
80341
69449
74497
281
49854
26279
18060
12544
21922
71316
64902
14545
87565
30903
20202
32291
17921
15401
47138
37607
78528
69896
4229
3703
29776
47573
77431
3087
66803
65194
82280
50962
8072
41596
24304
3431
25290
44745
43255
51239
89800
22929
34205
41978
90818
64420
2441
94217
3786
27696
23768
63435
26980
33260
4203
46097
55016
90889
6761
75682
21338
37698
75339
55189
46226
15535
5541
64198
54883
98323
24533
79640
48898
14034
82467
24714
27505
57534
30411
16299
57368
43200
6791
75254
63280
23199
29565
85578
8287
74285
57130
99744
2128
21365
68186
93132
66638
78504
71685
12164
48392
54136
3146
26543
97498
72425
42874
48444
79817
21934
6121
79543
79768
3552
54729
37056
94207
26097
58255
24112
16051
67097
12976
45546
13878
12115
94939
95885
15866
95331
77427
54720
12516
36728
21417
72885
32157
98809
66379
56942
82851
58938
27951
90298
99951
20201
11473
62588
98425
48262
53511
98428
35396
39687
96692
91221
71399
40213
15759
80625
32876
52719
38441
38626
97429
55237
53044
13514
77643
43482
72905
90194
37648
74218
66014
68625
99057
20810
73500
81148
35963
57304
4807
7043
47380
35641
73691
72064
83017
87205
69560
29246
53199
95663
36658
2794
49798
31155
39633
88902
40103
67010
38052
1862
73359
24251
52938
47226
91401
52988
24914
57441
27387
59576
19109
69546
18283
46688
65975
85524
26965
68083
62251
36447
11175
74090
44259
72229
58508
86051
25085
77912
24676
69897
83451
20239
98689
98692
89407
20472
92244
28689
77410
3429
10639
97053
80193
34655
87133
80991
9565
78749
23634
51262
92218
28600
35482
6283
74987
44600
90865
38484
44164
33647
43104
34100
75128
50880
41758
87318
96121
84149
88300
33923
89352
93533
24421
62843
25785
25741
36448
34725
63909
77326
88038
94541
89720
82261
12029
76087
42307
4848
28706
41946
36929
22886
56566
18730
95370
15841
44328
71771
24792
81121
48654
855
31066
76251
8329
8263
82727
12663
64747
53294
9766
55158
80641
87683
25850
96815
45630
74308
41853
60106
24150
29974
24310
54322
40893
43338
93479
84935
57022
56814
90019
2015
90774
10481
5427
57374
40375
53035
58895
43499
15074
17519
24158
53775
98379
21039
44488
12739
82719
95285
59817
4990
21674
64399
55331
3471
83417
88594
32527
7455
7307
97423
99107
53453
59078
95219
84444
7444
96246
7632
82859
43598
47679
23294
71602
36034
32476
14271
98798
80393
54441
34535
54092
37597
53975
69583
68092
79060
87641
70314
43253
72146
16026
22034
15772
81197
38682
87104
2499
63672
51667
27319
23469
14794
66145
19783
80546
69814
69653
56118
42421
17190
91192
91336
40717
97503
55507
36091
20939
60022
55634
73680
70119
44520
17835
64757
69864
40229
60964
84894
72470
16750
46076
82899
89311
62885
73224
73472
85772
27584
72732
40184
17209
28004
57265
83641
23586
63841
16538
61538
19267
73938
99354
43907
31915
75982
86512
49493
69920
17365
97396
73627
28474
31559
91542
42943
55122
6371
11436
93160
95576
45903
74856
47766
97998
71695
43341
99472
21351
43933
10594
42547
52476
97821
24030
85672
65390
30501
19133
45680
17207
84570
5083
25280
17098
49705
60376
87096
33719
51468
61878
28798
65965
78530
59589
10551
68417
56507
20039
21447
92018
35283
40898
23150
91074
67705
17192
51474
70304
57419
3965
76995
81175
52922
73443
66045
74759
35930
7190
82918
71115
35762
83079
81523
44087
74938
11336
21705
39636
19852
72162
47780
80526
17475
47678
18669
45867
73797
87759
57848
66334
64703
78289
19143
41443
20836
25912
11219
41319
26127
83885
95314
43973
7469
47418
51599
80517
8713
73962
83807
9214
62743
24204
81259
46882
48690
38906
5588
61903
2222
13051
44960
33480
66967
78408
47673
10614
3530
18602
59004
49872
15130
6779
48629
15925
72567
37311
67446
98648
18611
60572
59986
92259
85647
39354
82663
99728
81775
35938
45477
96498
84820
22620
93798
87580
20271
97622
30149
67746
99529
18665
30900
36670
97529
72611
34614
3730
2506
83784
85636
63426
65223
93147
12426
62851
52572
7134
93874
10271
95578
58547
25002
27185
65777
82026
50236
81320
42008
60182
61137
99212
29984
82163
83027
79050
8070
83725
19715
81917
2189
88493
54299
89820
92899
97371
98979
86944
43105
53440
22626
57984
79207
19215
29233
6580
12784
88995
12826
99310
56332
68508
15628
66615
6143
77775
69602
15767
32431
76107
17382
91215
60544
58638
66020
27628
93401
10956
40325
60807
26999
90043
72017
2534
27298
59013
12393
24896
28032
41979
65553
12131
4664
23305
86291
66989
37367
5463
38315
5880
91842
45240
59704
18801
70860
45229
10131
20284
23374
77382
49821
72928
56809
71918
65183
37669
48915
35547
15647
20333
36198
50761
86766
17445
91363
26526
61394
54254
19148
74205
64140
56367
93037
95101
60329
57288
48431
41105
28104
6854
42947
29389
19379
51273
85961
97517
44968
32671
86322
64669
97975
95232
38755
43975
3335
88802
58402
62250
6062
83390
29940
32005
49538
69700
15892
73964
14893
87646
16043
90684
96586
69564
16085
52572
46471
74002
63518
48101
92883
1401
99461
73466
35665
11596
84640
67039
94040
40799
2393
13834
29768
2545
82382
46262
11827
28221
15463
23838
85808
5374
81403
45232
69089
50182
99360
90340
14186
55244
65105
84658
71506
48473
49896
44611
50745
12791
49519
18450
68215
18551
62802
91758
61282
26237
44527
27738
2776
88135
61752
4814
96359
67664
87104
4622
93029
31615
57241
82856
51963
78724
96342
27407
59267
87657
78235
14594
41952
74535
42778
92327
40364
55962
71848
99880
34385
70891
14197
18168
5202
44618
12500
90217
83091
87690
73415
91260
1108
4957
46555
92291
9537
59497
58933
54272
96188
20667
39500
52616
67197
11170
81744
15927
8363
85012
66802
33172
9106
6861
3323
95557
58357
99600
60353
33251
87316
67867
1895
73481
91121
91928
78232
78757
42194
60640
59747
74699
49170
47032
12271
74957
68677
35422
2008
61918
78270
38938
80432
71679
79083
64603
26122
64330
99032
76263
14128
86082
81703
31856
62711
90212
34963
84225
21885
96841
20546
94341
78571
71684
61925
83893
64348
32222
67346
2180
72542
68507
32608
29906
51962
41046
52348
82917
59463
73845
23783
95483
76802
38656
33301
86281
68673
23445
88306
27342
94459
89411
89677
16743
49519
84892
75515
8007
45144
98745
54957
37351
65564
49937
35144
13340
47853
59388
13101
68205
46500
65214
81933
28447
93974
73359
725
25168
48754
88611
24992
87945
31171
48939
29275
72246
97177
91734
4526
48649
8728
74877
4359
93337
39339
12900
4772
46264
98725
82287
86305
76869
47785
30116
6424
11855
64791
11405
61203
13217
8929
23563
43076
88581
99069
43812
49054
95758
22607
65736
3868
20542
82761
43994
3758
21980
80504
55914
13377
80066
50547
8487
45016
64096
75984
89529
8413
56538
20097
4954
83295
4421
61296
50912
57117
45320
93434
63946
90608
37582
27180
43838
37374
13422
70558
79766
8665
84151
82263
48908
96894
95508
45205
28942
95463
10539
48922
5925
39413
70435
50997
60131
84517
65155
51256
5903
10173
17071
16070
14012
15283
73335
97982
96870
95036
23233
12805
74431
81472
43231
85802
99868
18140
78258
93982
10850
98638
1449
25580
53037
59362
74738
45989
44417
27830
44030
81549
76141
68124
951
80005
75762
26079
75403
31988
67917
43100
32951
8104
62164
3392
50793
11799
35256
98286
47077
38082
58118
86431
2716
62733
21905
63887
24928
57253
95710
59610
84870
77457
67123
84592
82025
70856
14464
65542
64585
80100
24607
88682
44851
8819
11472
24993
95243
57761
19399
2878
22957
78624
47254
16989
19167
9881
16236
91630
620
41715
7386
48448
31492
93080
83295
9180
856
71248
40844
15310
31111
84101
1257
74798
54863
92424
68606
20263
97842
35717
48525
44850
85437
77322
47529
49744
6673
89985
85004
81019
89687
21126
48776
8258
97678
99729
17373
55640
20802
87017
19821
95514
61851
99861
85826
9199
96567
21084
88467
39627
87472
46344
2221
40388
57087
71552
3607
29141
71457
18263
73641
74357
10451
23236
32496
73445
72280
6275
81606
81202
56560
84643
23301
15897
59519
16717
66743
83294
68410
41439
42480
6062
96281
76751
19606
58808
48070
21324
48383
80237
34123
56993
26474
25413
12721
92694
32945
63791
51931
99578
664
2424
56977
81195
53451
25508
59729
86218
73983
26085
31487
59024
51656
96018
92491
91692
82895
91666
95776
68748
25827
76372
14641
44034
25
84652
77374
69276
55263
55652
55972
18178
36881
14793
20643
28962
97195
23089
54612
88533
97853
22799
46215
31529
13016
3831
22102
55829
36236
80591
27548
62850
24805
41948
22274
35854
85561
87949
92632
86602
11313
13327
32229
2807
89179
66045
20765
46589
68443
68823
11850
71318
92425
48667
88120
34554
15850
22271
18124
90333
82258
87174
48418
7368
50208
14374
3413
40008
25757
5165
20068
5668
5054
80806
27284
56268
51388
16052
83919
56834
86585
1950
26893
34059
89140
52471
5980
81909
38189
5392
80140
80556
1786
30519
80982
23534
54671
9214
62245
23661
96992
15061
67878
44552
11112
15382
17840
19636
62721
74814
22039
77377
96178
72376
63556
37358
13282
18228
16913
66542
15167
43460
70049
39975
42724
63181
24346
95529
74263
3289
3611
86744
74271
85530
81776
46297
47309
43812
94036
66590
21145
7832
16696
86927
50328
299
4198
14458
51583
82212
57210
51034
52025
40004
36496
30468
23388
83836
52743
77338
82456
55140
80194
49143
78564
70860
88460
65871
82411
11769
78907
39431
64122
68515
46904
6188
42873
85088
71740
77689
23624
64330
88868
3082
60884
76853
57325
71951
29887
37034
64240
56479
42998
81765
99636
45710
17163
19772
78934
12820
16347
52295
26665
55239
4235
35671
33800
41954
38358
30599
21121
62690
92473
48879
42393
18130
23481
74661
7667
67409
45629
98924
2673
5985
55413
33997
423
72276
35056
51934
84010
59320
19542
2245
86745
76127
26638
72376
69395
35633
90718
77166
87442
424
26098
93697
97304
41001
81937
70307
91641
30783
27766
96348
89435
53698
32164
24251
26859
28013
87401
23592
99177
56265
80352
37769
77597
33438
34607
69541
3208
15607
24343
81661
5377
11395
82801
32875
87573
20229
61493
1533
29104
99287
22498
15093
77089
65642
92370
79980
92039
94994
61473
45001
43565
83767
68513
43281
25117
30039
17272
60564
3180
9671
48152
46334
31801
12865
58825
57226
97368
34487
35598
40811
80123
4916
59064
59450
75771
66773
57292
26421
30029
8370
13276
96340
94938
95415
58712
67013
46648
73195
97114
90985
52609
46038
59188
40036
23025
64507
19289
69106
1039
29592
58860
64698
28647
69424
55410
324
87219
41688
23890
5848
22457
78500
19866
87520
87579
76225
75776
90694
34983
9873
33467
59224
87241
63343
61845
80334
49524
87277
89991
75438
80455
8741
46585
897
5887
30466
3670
67867
38303
14856
53736
57146
1885
11268
56077
65675
57380
4871
23577
38081
92859
8819
30329
76942
7516
12020
47857
11361
90323
74175
64630
87819
33736
21026
51406
29722
24255
26851
11473
413
51109
51755
98000
52113
29242
51177
39002
85004
872
38572
55372
51371
16850
38304
71387
46957
45860
1941
69422
23069
62606
99571
37733
32622
23437
29605
47582
60750
25051
73596
6833
72400
73344
70045
84227
17108
9358
92921
77699
6403
70485
965
22862
74296
7776
90060
48883
17502
54603
11720
55349
9688
52786
60632
43293
26557
68015
37543
65949
62825
65831
80247
57147
53628
32890
16079
75755
4552
41311
54977
11232
150
19973
95705
90605
60846
26109
49218
18398
26091
38156
82958
88453
37596
69647
9423
12731
20772
37829
51302
30897
53807
50411
67705
51709
51661
26755
26232
85773
93845
99632
57450
34124
87432
70802
53293
76321
52710
41748
82959
15574
8936
78023
32007
20492
44303
96401
36536
85378
19115
3055
97357
92769
20945
23509
29796
29517
49307
67139
81646
4846
82150
47861
98402
14154
42755
48877
18226
95037
61151
37466
33994
67705
8844
94746
37703
1899
23704
52704
82936
45985
17786
94158
39763
76453
13555
69024
99216
42571
34164
6185
68999
62564
55261
98315
16793
86532
55481
39040
80235
20478
69598
81976
59584
88253
97748
76509
46830
53436
65578
54680
88389
60040
85537
3720
18071
48250
54634
53425
25887
84249
4670
61760
91748
37899
57440
76850
57970
18495
44580
50946
81149
7506
3834
57282
60746
16655
81376
62880
64535
85745
64557
16144
51098
12578
50421
85955
80428
67528
57574
60377
85376
68291
1457
67438
15279
29860
18821
62683
73074
5336
52012
75846
42985
10339
77857
15804
23420
44444
67137
83738
41129
75552
87818
91242
31109
96729
48583
48282
1255
25089
31572
60613
556
69408
86532
93410
67225
45408
58804
34812
33594
7259
38781
43119
74026
91546
74250
81087
52814
52293
83946
79765
34666
45226
62636
7152
94329
23355
32503
89049
26518
82059
78975
92181
50609
15182
15377
55287
97678
99706
74156
84965
81047
63597
70631
42239
76237
62107
93294
95202
76090
14203
14628
76023
66664
61
83427
51664
90255
99386
61055
49585
65387
99779
57430
41311
54616
82408
98510
51730
37954
45368
74981
50384
26120
10775
5422
36502
47536
915
50354
51143
29206
65040
39856
88820
7613
52959
66898
14214
52107
84475
97772
29837
26109
91739
61196
32833
38336
3460
29934
44727
96520
10267
71196
68860
31640
55376
60561
33730
19274
48497
4328
26633
13759
69079
31456
87291
82221
43164
89424
29009
90956
77287
25456
72788
50678
34575
12715
61604
83232
95759
9566
36396
10168
84358
50027
88994
19719
9449
40429
90137
20023
39845
94302
47796
17189
54812
61199
39209
91041
39405
85323
90475
73888
39779
91224
96253
34677
9253
90617
4734
13080
30570
31710
16945
71299
5964
41774
16375
62711
97333
43877
86324
42344
97437
31047
63190
95903
45429
63386
16236
49190
17618
42976
95211
43607
89815
16090
85239
1010
40293
46049
99304
13028
28597
23371
39745
52744
15252
27916
8069
87535
11584
10964
89889
68066
83801
75882
41486
28265
58963
56730
99216
22717
97406
82719
60187
24691
28683
63939
44451
66036
22405
9916
32271
34396
61093
32268
579
17812
88702
37685
6092
67310
33203
83131
95376
90637
27908
9075
48511
37177
80785
48692
8545
72916
79242
43805
91320
77009
99646
73059
33138
32325
24329
32471
63762
74156
32372
99710
81840
51175
25788
44149
24680
9502
10644
16299
37111
47056
59506
68587
64875
93520
74855
80907
32339
76018
6860
34228
76001
96341
85031
2021
48780
59476
16585
4278
91762
16317
62753
93484
44611
89827
989
41065
14762
54436
79829
72980
7810
38075
66250
19456
72093
33017
64295
65733
2851
24582
10108
3283
33793
37217
62235
77538
57670
82525
355
59148
95150
66166
46234
28385
88961
24895
11678
91070
2262
85644
61378
77902
92321
15779
85097
37852
21992
60844
81395
76272
54614
27108
34938
13229
98067
74281
72359
9256
12814
52682
26599
63110
8549
97424
12022
99382
76962
83120
68191
23998
95193
73188
77156
14263
3020
17343
68253
93053
45751
92151
6550
41497
53872
21368
37810
64155
89412
72836
150
73847
24441
71625
32414
63203
17446
87557
86094
660
73339
14692
42925
90498
94564
97922
66846
81318
53494
17993
50338
31597
9264
77289
70382
27882
50504
86589
26398
83624
21318
67793
61501
84467
22468
33079
52314
30901
16543
38136
88282
13966
38510
80410
20917
30946
86484
26503
32402
73469
45959
67362
95036
67040
57279
41696
94326
56976
80566
91552
99332
550
22045
59549
72600
19207
97655
63617
59345
42052
61207
38688
21624
67635
46423
47912
62659
53606
18431
46946
18146
44510
4663
59934
14684
86337
14541
64782
16090
30661
59242
11654
71258
33131
76118
28926
96919
42932
82251
26832
7936
89392
86334
29695
40606
95352
24745
99030
44466
29052
13881
78025
69712
48197
45773
72597
76371
51986
78775
17530
46907
51369
73491
96984
799
16034
10440
31374
13304
11009
68237
87141
56840
82513
43921
75417
7377
217
41251
55359
50690
32241
40778
22026
30348
80900
31454
49907
58642
8850
60719
52670
99693
74089
89615
40614
86324
88265
33341
6877
56350
39057
95122
73440
27319
40069
3146
49521
37973
24320
70855
7383
43626
72475
54041
10752
85801
93662
47349
52082
83426
51275
28556
23797
88345
44532
94422
68040
84650
66991
11288
3213
49708
69195
33508
14117
83493
94443
33691
95024
95585
63852
51669
18794
2342
64634
81847
49883
55847
51145
55451
32020
24843
6407
32630
52948
51936
4774
88930
31601
88844
2555
10115
58010
59809
19820
32917
66064
56485
86298
40295
22933
59853
20937
17034
8442
3549
86440
93385
69292
15744
35108
3684
36490
3449
19975
6662
56738
55072
2369
92688
11310
67970
63375
8199
66384
68777
54928
66179
88173
14555
13190
25203
9612
34986
5787
14013
51482
80960
87720
62693
14187
70124
99596
79380
8576
10270
2146
83673
96269
74800
17809
89060
64067
69930
52773
50666
88649
98473
94390
66344
92835
80238
80539
1994
99112
98931
74297
12409
75526
63226
15087
3824
78320
47943
15994
76497
60451
12614
3328
78293
80404
27621
63711
74700
74812
66396
67208
48565
75380
9519
49305
75026
15104
42595
75052
3825
47416
38293
5877
24717
78537
84918
66233
55712
6628
73179
55331
84495
55061
5821
90414
56946
16889
40762
68791
98420
25211
99737
14941
21551
90111
41292
62078
21669
37114
47119
94728
78538
67471
4321
33229
13173
8506
32952
24591
33170
40895
62167
6388
66984
77557
38569
25301
66495
43103
42412
14783
76519
90263
47234
33579
75535
39108
41939
25541
91293
81252
81093
28192
5675
35709
74976
21562
42843
18413
70989
41909
43137
38647
29275
46289
63936
22554
77870
50736
1020
37223
71900
67796
28004
70145
95251
83481
88307
2287
33426
13851
73585
82731
73013
74230
7234
27920
68507
21407
84909
46961
76914
11067
79535
91558
50502
78622
2298
14957
46082
63159
76566
46331
90372
45737
21306
15302
84258
80453
30295
87287
10367
8176
90996
75065
67009
79370
68890
48358
94473
74713
914
15873
57261
16592
61503
85821
43663
78948
36788
83057
90079
34312
97775
35927
75566
19255
16426
76536
8087
37090
81241
23195
70124
87104
69122
82456
37698
86672
46655
66884
67105
15637
9376
78170
73837
55253
75768
43181
19350
83914
82933
64310
12900
86577
13920
4694
51273
53934
99580
63368
48656
75747
51536
46434
58897
15391
32217
91350
43149
29215
73352
31750
88222
43130
1593
86505
75241
57811
90556
10631
90798
70987
32816
71560
62431
84478
65665
46789
80344
34274
29809
19547
4585
39647
22030
13802
68044
56700
64465
20356
58816
69247
2126
53265
24349
68317
76992
70418
40714
37097
9380
57412
70186
5392
9748
67888
883
36505
93547
49632
50080
52148
10192
17746
7153
60104
77844
8074
90709
60028
48935
20354
33874
91997
99890
94077
39190
22
91735
81022
72355
95202
36449
79529
99208
46237
76661
35339
82594
63956
41253
9748
719
30535
17235
18881
92013
19648
85998
22426
23526
42567
53920
93663
94576
79783
37434
9422
11449
98534
1215
95305
5924
11392
92682
57086
38055
44386
88223
35016
78734
79747
71718
83507
25022
62372
60918
16299
74220
56416
91345
61482
48807
91802
81812
42642
42447
64587
6557
26583
23685
5705
91671
52719
75590
64925
62270
79461
22009
39369
30953
86559
13155
30988
90210
56202
36608
74220
93878
380
52967
65202
58013
95442
60240
68001
71238
40377
59520
42803
4931
36471
87744
34063
38720
94522
76270
15289
58324
68441
43183
74619
81253
75179
23435
4057
93213
90531
40033
67751
43861
348
44623
20105
24581
71021
30179
86370
97198
1024
24532
65806
48919
35768
37400
94871
64036
31741
69546
60458
17900
50606
7075
33015
47212
69113
77070
30693
51151
92116
44227
8425
78507
2352
5704
10205
74961
49742
2395
29132
56398
39086
42762
96452
20919
24491
5972
41593
51282
50075
82786
36429
24239
71716
75868
88544
65800
49802
31815
94484
12260
89305
42823
42901
33045
16018
53962
20297
56533
88192
62983
24813
31809
49844
22849
38542
41072
23875
7913
48837
35436
40566
28203
35005
39754
60174
92067
13467
14927
30686
76666
6430
81614
19294
90791
19103
60115
39859
90821
11844
47651
37330
32963
29170
38062
2678
3349
15322
35355
99043
59361
53039
55818
23773
83147
50473
56292
6544
49145
72258
70853
75275
69808
25790
14851
28476
27396
3661
73186
66174
70445
35063
12669
33143
48603
36100
61756
96673
70628
1073
31579
62382
48923
85715
84589
17911
60996
51106
16736
21921
66180
46815
92273
6357
26065
71286
85774
99799
15768
43738
12119
28055
44212
76292
63043
3001
93496
27458
92305
71232
39810
37955
84347
52325
58343
67527
21724
38396
26042
4338
99426
19623
32245
93593
9861
27804
77971
47794
34739
32623
44558
84145
85028
3858
47872
19239
93706
73812
49418
69077
7548
31206
55684
1284
59046
31038
81440
43054
69954
5032
64483
78098
17081
85147
35175
12128
87088
39070
64121
14715
25646
63805
30211
83615
9746
14616
55151
79553
5372
75458
13171
73662
98871
79860
49746
86971
32827
87724
3204
36727
91524
54750
25992
52302
22753
28368
63867
66787
86949
96794
91971
28152
7078
36250
78361
34480
66732
57694
39137
48223
12553
53023
9704
68398
11453
56213
49064
80163
85126
39127
11632
25019
2450
29697
24194
54290
76011
22867
57423
50903
22466
21227
93908
67254
13174
2047
16740
41544
7338
30331
89439
12246
15755
77356
77138
59669
15166
90457
51329
72217
64360
50281
55854
26424
62659
44871
8735
13353
53842
38859
39728
24020
75023
79840
16409
90135
16452
49426
85537
75443
78896
678
3920
53922
96385
57795
60502
89669
23593
93507
10895
90427
84348
52342
97134
1216
99887
20134
54736
9673
62021
77924
92249
47258
24632
98243
55457
54454
41625
86658
52249
52110
35740
44119
1788
44680
86270
53431
21319
89875
89127
7161
66543
99314
96933
42943
33546
90047
72867
37113
76064
53009
18234
76362
87903
99007
22174
106
41617
24756
68725
10963
62610
96263
83764
16016
4879
96203
35461
1847
56486
90083
83369
50830
98993
11282
34071
95161
63857
8766
57861
40728
85089
49208
16558
37781
81960
70203
27929
54837
68280
48217
66449
98597
57266
35562
69015
31475
91754
34772
49575
17528
97671
33603
33145
21404
17507
44039
14575
72038
16597
95584
70572
94979
86234
75362
50692
64745
45700
52945
86499
38158
41034
1257
95995
46072
28332
35189
97934
42191
30324
47597
52936
76649
81692
79540
74019
92679
44832
51297
52614
33803
46253
76850
76689
20110
47504
76715
38630
20620
82804
14158
99363
25290
48980
6415
75362
88832
70573
14550
58043
47409
21824
48022
51459
53331
31475
76836
6938
15655
30823
83783
13161
9005
2497
11697
30844
43069
13888
30033
6230
99972
69488
23056
69791
60405
67225
84830
52276
1315
82199
89757
30285
89669
48814
57658
422
38101
24462
29572
3765
23455
17019
41604
69651
51885
1130
50268
67899
13340
65108
46804
82266
8251
62176
78830
51331
73832
96010
97322
46702
45670
79998
89535
9792
11847
96340
40185
20704
95782
65276
51389
87630
85668
64960
27524
7605
75243
55388
27846
95282
58339
78774
14583
30893
47197
29955
96326
92175
53984
39957
16664
93471
24943
9759
23112
51851
73957
48772
29930
29991
83543
93298
89823
66887
8160
29926
96290
53620
48788
37302
74824
74093
84326
34762
69218
77154
24622
98604
2239
8513
8404
8190
55706
41030
14402
40771
49466
95603
24059
74635
41560
94238
86048
2676
20495
74725
73461
67059
48689
72608
93487
56088
34071
92776
66805
33432
84147
28085
28249
66177
20025
61175
1078
24433
43648
85728
57421
98589
27331
53281
20602
1209
21534
43727
31244
2942
78954
4328
56388
4732
1082
14693
3746
47947
33901
50717
1351
91304
69122
92785
77374
74481
96906
24395
68759
22021
31595
85962
45196
32239
2632
80495
91537
52572
17955
30368
7150
85509
32843
72781
38101
64420
97517
31324
45577
1212
55867
99792
84367
46284
23210
3963
70693
58000
17860
24572
58305
64634
80579
44102
2793
31357
98485
23153
28616
47965
93367
61234
74092
94025
23435
36629
17906
12674
55747
75137
34795
54904
68831
50793
94370
87775
66779
34546
56103
71065
87534
83747
62027
90225
4132
76708
57209
49381
91988
48234
82095
