9064
4842
5687
1804
2316
9492
2986
228
8185
6840
1966
5786
4097
939
6058
92
8158
8458
4877
5520
6904
3555
8351
2648
5296
9985
6424
1062
6498
4087
3426
2863
5489
5228
7706
261
9607
6469
9326
1193
1194
3728
4200
1625
7167
3262
6108
9740
8479
2743
6037
9906
2670
6079
6306
2888
189
5589
7422
3072
3272
5440
1130
4872
9103
7350
6260
504
4662
1343
1769
9643
638
9731
666
2473
5532
8873
2562
9297
1254
5868
172
7163
7426
7262
4634
9570
4897
5315
1366
3207
1007
1528
1393
5813
7821
3983
5963
7510
2336
788
7177
2522
4385
1263
7344
416
7436
4682
5837
1851
3064
5954
4986
3602
6088
4289
9770
9890
9803
3879
4064
1898
8234
3686
8513
3933
1179
9458
1762
9153
8709
9010
9515
1454
7505
7591
8684
4524
2836
6606
1736
5613
6217
2469
3381
3665
4822
6989
3256
4018
286
9697
4232
1778
7895
637
8550
6832
2288
9653
448
7525
1261
1866
3456
7313
949
75
7541
9269
9103
6358
9492
9686
305
8743
679
8079
3758
9309
458
1760
4629
4607
4303
7022
5535
7115
7559
7265
993
3925
3871
6265
7679
5661
4810
4472
3948
1112
4793
4515
5487
9725
5526
9882
7749
4260
4223
2132
6247
8851
8976
9036
7485
3729
9745
1817
5146
7530
4401
1156
2765
7660
7247
3531
6259
7442
7578
4813
4936
6795
9762
3994
5938
8149
6751
6098
7826
1670
4123
7208
287
4542
8310
4116
251
9629
4353
1990
2855
7092
1668
4980
8525
5738
9329
9137
5514
5585
9403
1324
3576
1053
9722
1018
7326
2914
6898
3746
1314
5518
5115
5202
9535
6632
8387
5403
2638
4189
1285
2624
1525
5137
4823
4050
3249
5996
5846
2042
5483
6087
2274
628
9958
938
7303
8055
111
4228
8580
8514
7281
3165
1853
2835
6181
1706
2504
1874
2031
1879
2609
4481
7445
8433
1078
3525
639
2300
7078
1030
6341
9585
1547
5385
7389
5822
73
5575
3003
4175
9945
7312
7340
6570
5351
5000
3496
6369
1473
6619
5689
9826
8250
7106
8305
1662
1275
4588
1929
1832
4608
7849
6402
8038
6609
7586
1384
7476
8922
1582
1393
4243
1903
6738
8505
7371
8357
9387
4704
2055
464
3883
3052
8295
6240
374
7969
4686
6157
6511
77
9644
640
9793
6920
4723
8204
3509
250
3076
1943
3398
3317
6207
2930
4389
4224
4935
6594
533
2356
7259
5074
3010
1360
6099
3572
1681
9142
759
2868
4283
7566
1053
9182
1785
1412
760
3305
1174
8353
6553
3920
183
7397
3747
3659
6702
5666
5100
8458
3871
4846
9696
5831
3560
2734
5975
5548
8692
5906
1688
2388
7260
8920
9863
623
4768
4810
2054
7470
1073
5916
3132
6800
7644
7596
9852
1516
7297
6744
9492
1246
9916
1629
7825
4932
5484
1618
5514
9237
5948
1239
1671
6878
8685
6553
838
7835
5013
6157
7964
9527
1037
8361
8894
584
9544
7027
1055
6355
2840
8583
4230
9340
7804
5389
9196
8749
2556
6590
5204
515
984
4754
7762
9212
4848
355
1928
4119
9045
8764
5578
9686
3303
4450
5283
3633
4293
3226
9886
8913
7011
4516
1298
9000
6157
4722
4975
8186
3632
8530
1730
3516
4211
1414
2764
3427
2903
1692
6566
8405
2287
7269
8232
2675
1001
461
7150
4275
7125
6004
9742
7082
3769
9744
8107
4756
3643
5841
2060
1069
2635
403
832
9505
2751
7178
5255
6464
3396
4697
9777
6977
2295
8476
6889
4424
9676
5951
1897
9766
6899
6407
6963
4974
9517
6193
4207
9189
3296
7197
1526
3477
2812
935
6847
7046
2816
1780
1565
4550
9815
1475
369
3441
8410
3598
4888
9441
2821
3991
6650
9795
6322
6594
3923
1918
9597
2255
793
1024
1949
909
7092
3006
4398
5808
6182
8601
5970
3081
7425
2403
6014
9767
1276
5472
161
1042
7862
3715
191
32
6295
955
7519
7400
3972
7183
2332
9342
4079
5989
6260
6949
3345
8123
3861
953
2295
4820
9529
4864
5950
6656
3811
828
5539
5759
176
8372
5084
9646
4970
607
2474
723
8524
6335
1217
9736
4793
5674
1579
6064
4164
321
2087
8597
3557
1750
319
164
7143
7622
6255
7235
5830
9100
3811
8769
7376
5039
7799
4652
8124
8284
6715
782
8369
2671
8497
8379
7539
5819
9178
8101
7501
9291
2518
5152
9552
1166
4808
5810
1901
7262
3477
6361
1576
7811
1544
8705
5629
5840
839
4849
1076
931
7325
2530
8718
5243
1937
7966
9028
1451
4373
1451
563
4600
8093
3907
4366
7315
5202
6829
6048
9667
9507
3962
6447
7143
7986
4318
9535
1692
3649
7005
9507
8820
3465
8087
443
4896
5176
2310
4998
2944
9870
2967
7046
237
4734
4547
198
1493
3753
3867
6044
1096
1810
1522
5116
4044
99
357
1622
6464
3506
2863
8612
8992
1283
7775
3806
7568
2480
650
1709
6461
796
7795
9510
8842
9796
6305
4706
5438
4445
8675
3197
707
7330
4540
56
8783
5741
2527
5779
9044
7621
8008
4764
6253
6067
4717
5621
229
1366
275
8365
198
1275
2943
7323
4553
7595
9636
4739
3470
1466
6142
9608
47
8146
2357
6383
4765
643
7185
8069
6128
7564
8427
2466
7124
4842
5059
8822
5232
155
2986
7575
1275
2207
9358
4448
7687
6443
1643
9430
8545
2207
6893
8114
7561
5727
9402
3454
5357
2758
2391
9901
4592
8091
3286
1959
4742
8386
3137
9967
3964
3425
4654
7425
6148
9494
8262
5657
6878
2410
1017
7635
3516
278
4863
7638
1486
506
9597
4023
347
6003
5018
9392
7576
814
1493
9551
4312
2157
4013
8888
4262
2080
1209
8635
1838
1591
2182
5562
7032
5121
4225
336
5322
9139
8234
336
9140
7107
9367
4362
5564
9952
6035
8902
5733
6444
204
5920
954
4210
9212
1173
2202
6703
3137
3809
1894
3808
9786
6540
1609
6859
7233
113
6697
5790
5402
3401
3127
1505
8816
5318
4150
7218
99
4068
6200
2253
4115
5545
1198
7478
4285
2525
2067
1588
9029
4127
6831
9244
1941
5467
5192
1538
3545
8263
6206
4323
6177
8475
588
7415
8467
6292
6692
919
4467
1136
4606
5098
1113
9650
2508
1296
4649
7506
4409
1875
9735
5016
8080
8661
2815
6010
4568
1097
4862
5215
2998
3833
182
7014
8638
696
3441
4642
1709
134
3149
4688
7567
8163
606
818
2591
2271
6500
6568
9801
3966
9068
1142
9031
9665
1986
257
8362
7387
9395
9253
2629
9044
4002
9917
6919
5976
2254
2913
4967
4357
5005
7369
408
8570
3695
2928
4761
744
5478
5002
450
3975
9255
6809
4390
9015
954
5296
4077
6763
4930
5311
568
9504
9681
5015
9554
3421
1369
72
8196
7095
4448
7871
5191
5679
2378
2006
7316
464
7206
2621
8382
164
4086
2829
2194
8611
6268
1303
1877
1786
9123
6626
3306
7686
1423
8222
7900
3004
9571
6724
506
3387
2281
5538
137
5627
2014
9861
9128
6714
1581
357
9108
8367
3096
245
1048
5450
9139
4305
9583
6826
9913
3099
4893
1157
8656
1940
3164
5746
9174
7448
1981
9251
2672
2771
6422
8212
4611
5713
5986
3970
2365
5428
6339
5085
4373
9333
7401
8859
6796
1155
6324
1709
5460
9635
5934
2391
4468
5493
1294
9807
6178
8459
6078
6191
2516
3719
2612
4862
4992
6848
7303
2530
3406
528
1153
7541
4464
1573
113
4601
5355
5770
8654
5009
9181
568
2673
9302
988
1282
1986
8336
8629
441
8507
9146
3377
8993
8450
9993
2230
5316
9479
1258
5095
8969
9315
1886
2520
9534
3408
9506
8059
1340
4960
6265
5276
767
3528
565
1508
4074
3133
5487
8602
2128
736
3447
1433
1563
6566
3198
8940
2692
1460
6690
9371
5906
5616
6569
1508
3909
6351
8018
1829
435
8269
1123
4991
3975
524
6531
6617
7046
8033
6982
1900
3142
2894
4989
1928
5351
98
5827
1474
4441
2457
340
5301
9948
1995
8619
7875
9686
8121
8409
6175
2248
2210
2691
4200
3666
3506
9519
6693
9731
3974
7834
2930
932
946
4184
4295
7601
5688
1004
2753
2168
9701
123
361
1774
5506
2568
9101
4435
8270
5141
6812
2809
6801
2258
6800
5328
1260
8796
5340
3928
401
6192
2224
9749
7795
658
2803
1863
1806
2023
4522
2049
4571
6128
2587
4375
7058
9005
9152
8314
9622
2610
7434
6237
5901
9536
1150
8333
371
632
1447
1244
2410
1241
5839
6678
7448
4700
4158
5312
5433
1681
4791
4503
8702
4995
6564
8454
2658
5991
316
6782
9578
233
1207
1241
3834
3182
7540
2387
1089
3459
3434
6041
706
4646
3714
2672
1413
3414
3721
795
848
6831
6537
4475
7071
7325
4057
3361
904
5537
5509
9167
9863
2228
9972
7418
8560
7277
3216
4257
4109
9200
3672
1456
3521
7138
135
2225
148
7294
1743
1648
9795
146
9306
4021
6578
6142
1328
6963
3407
2408
7027
7991
6382
9942
5068
6032
5062
6019
1329
8024
6284
6138
4833
9231
9909
3116
4976
6249
1368
6425
4728
8536
3807
2959
4464
1206
6713
1950
3571
9270
6503
4878
9358
344
9276
8103
3800
1206
4553
6966
9695
2104
1281
3446
6122
6385
6774
418
6922
5648
1119
4574
2975
2882
9333
8686
5361
1622
4870
5076
6034
6587
8287
3680
4307
8072
6698
6205
520
5743
9320
6960
2931
5174
1670
20
1905
1512
97
6995
2484
4733
179
1317
2991
1096
6631
9330
8654
3366
4399
9603
5971
9341
4349
3197
7327
5066
2094
5847
6322
6690
8231
2457
2412
1319
4961
7905
5430
1296
7344
6681
3371
3890
5229
1471
8951
877
9538
5880
1154
2096
9639
3693
5423
8017
2002
1648
3944
1537
4311
3148
6381
7597
4121
7080
4727
57
9226
4333
432
6271
8742
6823
1295
2875
7118
279
4130
380
208
9897
6214
1914
294
6699
1396
8548
6925
1969
1242
3905
70
9536
9018
5975
9722
3096
1947
4336
3003
1802
1321
7770
5878
5191
430
899
7166
9724
1909
9859
4222
1784
5872
2476
3274
5334
227
5937
2985
7732
2981
2299
7747
3969
9167
5863
4362
877
3003
1253
2945
3626
622
6387
6864
1785
7219
5789
7090
4848
6125
1115
5144
3388
6331
9466
7740
4563
4860
6607
9385
7295
1353
3256
6381
908
6715
3807
5970
8733
6393
1071
5132
4075
7174
9337
7838
291
5379
7434
3576
317
6038
6590
6997
6769
9201
7042
9631
4524
3151
6036
1673
1049
9842
8778
6374
7442
4642
7028
889
5188
929
3766
6885
9552
2160
6501
247
1530
6670
1583
2586
4137
5685
6909
7435
7693
6177
3564
8556
343
571
5990
6796
1796
9932
500
2600
81
3613
5396
4672
1678
1335
9784
2631
1577
9424
5641
7900
9630
9982
478
2691
3073
4728
5002
8696
7925
4289
6056
7841
6316
127
1106
5936
5050
9111
6116
2196
9153
5065
650
9056
2503
6236
1646
4777
7856
6748
9423
2157
9845
85
1891
8699
802
3141
3076
6537
4495
1063
6573
4172
5543
6477
1194
8949
236
9193
7432
573
6685
9831
5400
2477
6482
1226
6457
2215
4371
8311
7777
5220
1278
7440
4657
5013
7571
2691
7204
9138
2371
9361
229
5761
344
5817
6942
8512
6428
1873
838
8312
6639
6710
6992
8419
2087
4007
3961
2382
3084
2673
9922
4122
6642
9153
6921
318
695
6199
7133
7182
6690
9435
32
2269
5319
1968
4631
8523
714
843
4500
6400
1733
6407
2545
6490
558
482
2319
3806
2516
4451
4907
3145
2562
5738
2577
5051
4691
3777
6162
6271
4044
4524
7932
535
5990
2025
3622
8884
2596
5123
1664
6500
8176
1137
1186
6003
4928
622
1977
56
9312
4531
3128
7093
3160
4361
9803
8573
2950
5223
4756
4748
3884
8652
8236
8925
8575
9179
6378
3013
4893
3300
6149
1260
4211
3916
5914
3537
1321
8322
9898
1345
5193
8857
2386
2619
4565
2093
780
8423
7254
4688
563
9332
5105
8041
1072
422
5594
3546
9050
9721
576
2132
6495
7590
7240
572
2235
994
21
9538
4554
6290
649
513
8667
411
9908
3696
3552
5307
3854
9405
941
2177
1591
9304
9125
882
3241
2269
849
7148
431
974
7538
2169
5419
8032
3446
7635
6581
621
3516
9320
3437
9509
8126
5551
8037
6017
903
1930
7730
682
6984
1082
6202
5608
107
104
40
4567
1569
1365
9377
3295
9691
5221
9881
7872
6821
9799
140
9730
8128
5186
902
5666
2275
5212
2692
2303
7688
7697
333
1494
3310
267
9850
8659
496
2994
532
1550
7330
9791
9375
2392
6743
3333
4609
3141
533
3309
9987
7090
2695
2633
423
5880
2222
656
1243
2681
6405
4357
9466
8675
3656
3094
872
5990
3419
7051
3955
2841
4277
9378
8462
8006
6501
7791
4202
4569
8720
5571
6516
598
4126
8752
4627
1039
7752
9904
8602
9108
4819
9277
7996
6472
1617
7631
5131
5460
1652
3962
2976
602
5222
7386
6197
4047
8486
8497
5539
8316
8391
6565
2510
2074
3095
487
7245
6977
955
863
8740
1183
3765
1729
7092
2035
8995
8859
2252
9434
563
3594
7387
9863
4492
7769
6767
6192
7886
7730
8215
3216
5841
555
572
3148
2619
9273
3423
8541
8636
5264
5978
456
6420
3768
6357
5851
4383
454
4237
9254
4370
5265
8829
3265
7185
6549
696
3666
4908
8602
8339
2567
6695
8614
6506
3584
2427
6381
7813
7668
4553
2171
6733
512
7421
8725
6087
9146
5695
2311
1800
1291
6434
4314
7944
9167
8580
8245
7753
6654
7530
9000
7490
798
622
4332
3133
204
4594
3994
4931
7408
6176
8763
6677
5509
1227
3424
3412
5503
9447
5851
9981
7147
9283
1483
6818
224
7565
8826
6354
6889
5874
8018
6986
7304
770
5472
3592
952
3990
5751
8592
4230
5868
2665
4997
8273
466
3657
3275
1293
9729
7379
6050
4332
3938
577
8860
6524
4613
1054
1791
9569
9787
3647
639
4109
1184
1812
3894
548
3985
3699
1948
9137
347
4366
4334
6883
3176
3487
5282
568
4074
2010
5722
6522
251
7852
4477
179
9800
3877
6183
2676
498
1490
7513
3420
2985
2983
1085
9457
3753
3049
9991
7897
9868
6458
282
8336
6865
3206
3637
7570
5825
5431
2743
4195
887
7807
5759
9939
1282
6433
4894
7409
8006
3272
9032
5894
6313
6369
5039
6963
5453
8939
2718
8557
113
545
3655
6290
5018
8123
2658
3847
392
6871
8207
8525
2123
4646
6135
2545
3478
6281
7240
9064
9045
1378
5623
5594
9518
8326
3176
3251
3419
7783
2153
9560
3070
6977
6325
2637
6758
7627
8378
2100
3773
2050
6998
2717
169
4435
2962
5527
1578
3077
7389
2027
107
8621
762
4178
2685
9167
7186
7272
7336
9869
8556
2474
7615
2952
6784
5292
9430
766
4561
2374
1300
8884
349
4921
6903
7374
6460
9366
9744
1514
1914
5394
9229
6303
4821
2036
1036
2373
9164
1320
4584
9797
3258
8028
4380
8525
2250
8727
2791
5168
5485
1939
476
8780
3016
5432
9574
1428
6813
598
9118
6260
7155
607
804
125
8920
5554
8701
8728
9479
4540
1592
5687
5530
887
9415
3743
5662
7099
1138
3730
4504
4660
9089
1058
4068
5487
6425
8948
4218
2756
4659
8968
6589
378
385
6047
3772
3604
5669
8015
5922
8669
8260
6509
128
222
2563
4517
8233
5505
7811
2714
9414
8990
8413
9903
3544
6720
6028
1852
9512
2597
5099
1281
6166
8655
8114
9457
4891
189
6479
5575
9716
4140
4166
9808
5357
9006
7578
2212
738
4900
9793
7992
8698
8278
6564
4415
3333
6935
2863
142
9300
2180
2722
2183
9905
8701
9680
5654
8368
8681
6135
113
5623
1224
8955
2390
4868
3641
943
2599
4774
3466
35
5100
1619
198
3472
7254
2334
1939
7263
4878
9003
376
9433
5247
1131
9232
6246
5725
7478
2517
2859
9927
5636
2712
1111
4582
1477
21
8334
417
7749
8722
5494
7971
3344
5004
266
5799
899
6721
9330
6085
8290
8609
9121
1535
4253
7501
6177
706
9780
2971
1642
5059
9162
2256
3096
4034
1705
5849
9198
4829
7404
5895
8299
1450
1679
3028
9887
6714
2262
2022
4642
6621
61
3460
3770
2664
4717
8074
9696
2843
1140
6608
5752
9971
5989
2589
9879
3262
2278
6832
4945
1272
436
4629
4313
6896
6205
1476
4445
3057
3958
2175
4745
3007
6075
7236
2286
5501
8582
9004
7240
171
4108
3660
124
6130
9506
6165
6960
9774
6805
8588
9676
5022
1872
6318
2419
5272
4760
2081
5193
6296
4996
3395
4117
1213
7762
3831
1914
4091
6745
7712
1497
7666
3861
3889
3425
4153
5228
6775
8803
9457
584
3002
63
2140
7574
726
6561
6907
6947
514
9560
9634
4397
6118
8306
9772
6285
7744
1012
4219
4069
7939
6699
3870
6800
6174
2532
1057
1786
8728
3536
248
8596
8636
5127
7011
3195
2740
9643
7845
2660
3579
7448
5065
3132
7200
8874
4967
4496
4385
178
1559
675
3034
894
3197
7908
1256
255
3195
3153
5910
207
4791
2660
9392
6536
4577
9396
8209
3719
1327
2782
4425
4459
4802
8682
1483
6281
9769
6036
6320
8068
669
9853
3068
6851
3454
7789
7139
6561
6558
1588
1521
8163
2493
8047
7214
7528
2030
7588
9382
9091
7677
9843
9994
4856
2796
5103
9180
2929
4682
959
453
2324
3072
6924
4863
5922
3155
1663
4441
9504
4481
2974
7215
21
3595
7470
2649
2133
8574
2931
128
1861
5693
4734
2156
9136
4075
5990
7482
3863
3222
4557
6980
9115
4917
925
7748
3609
1299
1029
4526
9862
1894
3469
6835
9793
1128
6054
4483
197
1468
4897
1280
7647
8523
5183
8391
7551
3942
6136
954
7881
720
9715
451
7490
3661
4383
1943
2310
1954
6258
8344
9741
1020
8737
7152
2384
8158
4929
7872
7281
8670
7900
5199
613
3098
5815
5465
4025
7269
9939
5781
5333
9016
1458
1681
2800
1568
6450
2382
3377
9527
2312
5031
2982
9884
9592
9476
5257
9562
4592
9109
9934
246
4700
9013
3622
6822
1446
4683
296
2625
6834
5108
9611
908
6488
410
6829
7097
2713
7987
518
3649
2062
8128
7352
766
4680
3863
4959
6081
7402
5300
5835
5386
240
3507
5351
3084
6519
9872
990
4957
885
9842
4298
482
8306
9585
5076
637
2760
4691
7373
8374
826
9033
5736
6265
6017
6203
1162
1805
5480
9101
444
2716
3079
5205
7884
3769
6197
8528
7426
9774
5698
5437
5919
6264
5044
1223
6742
2431
7319
8539
7224
8448
8649
8384
7355
5327
3475
5968
7612
3962
8751
6005
4094
1479
3811
5221
8293
7240
3380
7487
5225
9531
3578
3815
8871
5903
6499
9080
4366
4684
9262
2153
7086
140
7322
6499
8174
5340
6278
6408
5687
1962
8629
8398
6866
7014
8955
4148
2796
9765
8039
3082
792
5414
1569
3414
5010
6253
7301
1759
7543
1391
1581
779
7313
5432
8669
1406
5235
3205
8783
9291
155
1717
2073
5584
9558
9602
1727
2667
5692
4142
9516
7333
5231
7616
4450
6933
4822
6330
6320
807
7361
2068
1114
9802
4031
4033
1854
3696
3302
1356
7292
2686
8422
1810
5519
9489
1524
4905
3581
6195
5689
9797
1819
8981
5037
3453
9422
8335
2317
8865
6261
4508
5327
5619
8394
986
8949
9851
8320
5884
5628
5936
5212
9658
1349
5021
4080
7302
544
7441
98
1929
9124
1172
9444
2266
3183
4673
5940
9479
3466
4306
2045
4214
1643
3418
609
8360
8237
3353
2086
8114
4717
7681
6446
9864
919
3019
1113
754
824
2164
8087
5309
9047
4091
352
4729
8280
260
2566
3289
8001
4259
3833
8723
2945
5699
3113
1456
9664
622
9855
1002
4271
3198
5929
3692
9381
4639
9872
9741
2233
8256
7320
5772
4524
1547
6775
2991
3365
8150
8930
2225
8730
2591
8103
1182
2688
9167
8834
2196
6087
7630
4069
4842
2659
9401
3807
3760
6171
2648
1606
6452
4468
722
5639
5016
1000
2057
8075
5170
2972
6786
3299
5871
2941
975
3037
3827
2349
4314
8754
4716
5894
6662
4732
9907
6851
7385
3266
4867
815
9466
917
7516
8630
6661
741
6770
264
4442
933
175
1030
4391
539
4918
7124
7139
1029
8726
6803
5757
3661
5829
7925
1732
1325
2177
1120
8391
253
7483
8663
9354
6243
5402
5638
3070
1579
3276
7750
6129
7638
4086
8300
5842
3177
2988
2534
5818
8778
3036
8564
3721
1773
9716
9672
4303
3555
688
2476
8524
1826
3150
3987
1394
3142
8183
7795
9555
5736
547
8101
7701
8685
561
2921
8368
8044
1922
524
1733
3486
5629
4871
3375
396
4310
2056
6998
2644
5081
9243
4080
8599
5484
7001
4154
1897
3617
8497
6923
2140
9982
8829
5034
466
1188
5078
5692
5678
7656
7029
8687
4345
3496
1331
9121
9585
8850
803
780
3477
6552
3374
1914
5361
5162
8813
1926
3740
7403
7076
9655
6955
7381
3538
4190
5218
3168
7458
3231
4063
5817
2489
5941
7111
5544
419
1754
5439
1226
5820
4795
2047
1104
234
8776
8516
9896
4825
8477
391
6036
1176
7981
2704
8247
7540
2713
9628
5296
774
3984
6822
5156
1017
5283
7249
5823
402
2163
1850
9580
6164
2641
542
4453
4920
3692
5244
31
8352
8468
3718
2143
5463
7176
9974
6596
5531
2013
6461
4983
8695
8786
1051
6232
3809
5246
7446
1795
1612
3844
3752
335
8863
3488
1899
7351
2057
318
1467
1168
3926
2964
8213
2698
4017
6993
1238
9684
6284
5585
2940
2912
4070
9940
9976
4629
3291
2157
3725
5820
7464
2150
4557
9207
3491
5647
2881
1599
9161
3871
6432
9291
7976
6703
8993
34
5142
1836
1171
782
93
5524
1414
1489
8555
8300
4886
8035
1948
7438
4909
9981
45
7363
2711
6099
9685
4554
2372
5045
7143
4387
8407
1471
1324
3230
9158
6116
2187
349
9956
6037
5274
6880
3434
9122
9114
3191
2002
2752
3146
1829
6912
3011
2483
533
8379
3257
660
494
2455
1941
7775
4239
1062
2872
1758
8238
3209
1360
2680
4769
3478
6971
2670
2121
3857
1549
8703
9769
1019
8502
3417
2996
3107
4054
7434
7652
2763
6434
6254
6284
6948
1458
8949
1093
5429
5521
3638
7588
5781
6145
1652
3708
9830
2676
5024
4197
4423
8141
8930
5145
6793
4294
2131
2067
8310
4518
2514
1691
654
5557
4878
8903
169
2871
2659
6808
3523
8392
2730
8950
8549
5976
9863
4069
4474
3324
3971
6861
2981
9233
9948
1171
1687
8512
7551
8535
4777
1477
5993
1430
4874
794
1303
9317
974
9789
6178
9006
4696
2583
6996
9140
5644
8692
8356
5828
8034
503
1542
138
6289
8677
9297
676
2776
4495
6851
3130
1774
210
2688
4751
2117
1952
364
7317
207
2660
4436
9134
1169
5160
9937
4693
448
3671
1891
8379
4634
9209
3763
1147
6246
5111
8624
9794
4544
4537
687
7470
3073
3978
9513
2166
1766
4619
8565
2473
8955
485
1089
2818
1585
1076
1644
9867
4022
2245
9632
5164
4309
7019
6775
1051
8496
1066
8482
5349
8471
6929
421
135
3332
4668
318
4691
2150
7946
9112
9007
8010
1093
8458
9505
9375
5390
5975
4001
447
6298
3015
1839
7901
4722
3488
3865
8416
8326
9839
9146
1264
2743
3849
2525
4144
6666
5854
4216
8213
8172
8103
6186
1708
2282
8335
3578
9269
622
4331
7217
4901
6071
5070
3881
9387
8426
2323
7907
6333
3044
4350
2605
2561
5010
9977
4767
8399
9525
8371
7072
2971
7720
3759
376
3469
8609
4706
8452
5072
4688
8673
4113
3851
7081
979
2259
8688
4374
2443
8502
7197
8121
1461
4470
5164
465
508
8750
2288
2419
2438
3495
3710
4743
5923
9868
5783
9982
7630
466
6404
7925
3213
1467
3133
6396
3035
4652
7886
532
8698
7514
1283
4949
1204
7456
3729
7792
3561
4697
6143
7322
4434
8244
3675
5777
3162
4254
2411
7326
8196
504
6375
7497
1112
1988
9680
310
473
2623
792
2965
6367
8643
6667
6824
2398
464
6804
8565
571
452
2333
1733
8482
3575
9276
3038
2167
4050
8360
3073
413
2640
3044
9015
355
8129
7866
2460
9870
9171
7274
9845
4336
474
5816
8564
2619
7683
505
3254
3544
1975
3524
1285
7144
7557
6952
5494
7101
6313
8147
7375
564
4341
8779
6094
3674
4454
3697
4489
4652
1960
1018
5239
3867
5059
5129
9058
8293
8864
5826
2185
8614
102
2228
7412
5168
9786
4235
7925
235
2173
981
1679
9272
8024
5734
7485
6520
3027
8725
5787
7447
5588
6718
6936
2041
5614
7481
694
713
6025
5489
3337
5348
4388
9629
8844
4108
191
3200
8281
8886
7725
4481
2771
9767
3771
4825
527
4590
5920
7770
3817
5087
1213
8590
4734
1355
3673
4740
8417
1958
6256
752
9307
180
7693
2255
1119
5666
453
4332
9036
4264
6090
7956
8430
5797
8066
1480
7359
6599
1279
3405
8752
9485
8220
4547
3381
4075
4986
4117
9776
5125
5190
7971
2031
3961
8051
1358
464
8300
969
3530
9265
1658
3756
4754
6524
7890
2426
533
6659
8649
6024
3497
8560
2618
8811
471
1339
3569
2654
6210
4573
5921
1127
7116
6093
1473