9839
3425
8185
3165
6406
2248
5531
4297
-4716
1853
5731
-7063
-7844
4620
7728
8800
2689
1689
6158
7173
4572
-9428
6246
-2673
-1919
6253
2641
1665
-9729
-731
-7860
-1240
586
-942
6330
-5925
3713
2540
-2566
9788
3741
-7043
-9350
-6435
-2824
7134
-6333
-6288
-1360
-2838
2102
5515
2713
-806
-1883
7380
8320
9006
34
-1169
-140
-2731
-8187
-1817
7346
-1364
7754
8311
3770
9469
4533
4838
-1155
7871
-5763
-4865
9561
-6393
5695
4391
-475
2263
3624
-3451
-7680
7678
-6818
1984
-3356
7263
2618
1546
3355
7433
8444
3180
4595
8022
-5669
3865
-4305
-4333
-8077
-3541
-8850
-5337
-4610
-5146
-297
7862
4699
-4565
9167
6330
3369
-596
3525
4194
10000
5654
4684
9794
-2834
7261
-8020
-9916
4308
1141
903
7408
2310
-7618
-1098
-8269
-7592
-4741
-7801
2995
2088
6912
8476
5900
-2038
8189
1849
-4896
390
6411
1796
6151
-1617
-9209
9545
1553
-3844
-8611
2168
-9430
5189
103
-7476
6201
-2927
9009
-8132
-7028
5097
5504
-1491
-4474
-1722
-3930
9797
6686
5399
-6081
6007
1690
-5867
-7929
-245
-6502
8595
6556
5972
559
4983
-834
-5770
-9878
6714
3893
-8576
-275
-38
-6923
1848
111
-5940
-5410
-968
7913
1317
-6566
4737
267
9761
8704
-6299
90
-2600
972
4285
-3770
6271
8800
-227
-7666
787
-5324
-6523
-2214
-9310
-7561
6753
7773
-8895
-7833
3868
1043
4268
-5586
2080
7624
8689
-5516
-8715
-5919
-5425
5857
5704
-1998
7304
5876
-9218
6176
-4789
1692
8122
-309
-1838
85
7010
4655
-6633
-4769
-4444
-840
6379
6487
-4594
9381
-888
327
7122
2164
8204
-6013
8880
-9902
-6627
2574
7834
4182
8133
3853
2508
-8513
696
4190
5397
6366
-6910
980
-9094
-9201
-5258
7762
-511
-9799
2783
4813
-6551
8187
-4237
-9649
6996
6595
-5820
874
2752
6957
-5256
4893
-5894
-1949
8781
-2066
-9101
7411
-4331
-1312
20
-6587
-4449
2770
53
7896
-9365
3152
9457
475
466
-5892
-3957
-2303
-6977
8525
9951
-8135
-9740
6135
2709
-4194
6156
6900
7866
973
-4917
755
-5731
7656
-8768
4736
-1021
-6571
5882
2489
5624
5658
-7942
-8292
4202
6718
1538
-8011
351
7916
-4111
-7989
9180
-3968
1355
-6999
-4844
7708
-9447
-7771
1724
7502
-6855
9128
6109
-7837
3893
-8539
1239
2945
5587
-3265
-2149
-856
2262
-6427
9121
-4775
-5679
4086
9280
2247
-2497
-1846
-1143
668
3195
-2846
8364
2275
-1423
-5624
3618
156
330
-1623
-5068
499
595
-2754
2126
2009
-6471
6712
-8278
-9801
-5205
4443
372
1647
1721
-380
-8702
5821
9551
3085
-3056
-8874
1116
-1611
-6213
-580
4762
3983
4233
6019
273
9326
2717
-3984
3251
5863
332
-8970
-2678
7795
-4129
-2645
-1541
2031
-6333
-2042
-4257
6271
-9519
-7341
-7292
-9307
-2861
-9517
1247
1091
-3832
8833
-4561
7542
6438
9849
2032
-9095
3976
-4765
-3245
-5602
-7231
5222
-1828
8176
8605
4709
-413
4324
-4162
1811
5815
5787
-9743
6355
2921
2416
-2769
-8809
-2851
1367
-32
-70
-6302
-4853
-6525
8850
-5876
4097
-1718
-8727
-5216
1466
8124
-5075
4134
-7686
-2928
-8329
-9765
-1222
1919
3596
5536
3231
-2650
8855
6359
-7248
-7008
-1856
2428
-1312
-6499
-888
6896
5066
6252
-3627
-2944
-3285
2631
-2760
-2012
1106
1132
-8300
-8981
-5312
1893
-3623
8465
-9226
-9626
592
1184
1182
-257
-7309
-5180
2718
2016
7630
8087
-6577
4889
-1886
2327
6638
-1378
8506
-2006
6363
2533
550
-4090
5775
-8411
201
9247
6184
-8291
4282
-6614
9493
6792
8266
-1473
-868
-584
8476
567
4813
-2701
-5101
6565
-424
-8925
1375
-4227
-3712
229
610
3508
-3641
-7292
5708
-4340
-73
4309
-2630
5700
9135
-3385
-8235
-8256
4465
4672
2248
4947
1225
5105
8013
5179
-7952
-380
9971
9952
-586
4723
1182
-7300
-4620
3679
4467
-7769
5533
-8590
573
-5512
-6108
9641
3188
9263
1670
1453
-2749
1453
8688
3174
-2072
425
109
-1775
2990
2173
9689
5634
-6179
5147
-2478
-2938
-4701
7716
-8720
-5447
5081
-3811
-8926
8292
-2483
-6954
-2414
3836
-9403
-5108
8752
-9214
-3150
-5331
6981
148
-1372
-4911
-2064
-366
3743
-2332
-595
-2461
-6221
-3920
-7859
-2840
-2974
-8561
2139
-733
280
8063
-2683
-6102
8228
3361
1227
-6923
-601
-3332
-6168
-1573
-2171
9074
-5506
-5285
8070
-4041
2619
-5479
7042
153
-3653
5056
98
-8147
2241
-4041
-4352
1891
-6136
71
8491
9710
460
2037
2092
-2124
-7490
9301
-6748
-5041
-5210
388
7981
8784
77
-9569
-5270
8885
-2240
-9371
4143
-541
-4358
7334
-2603
-5006
5780
-8993
-7353
-8273
9311
1163
-3262
-7066
-5113
6353
-8311
-7996
-5847
3471
-5417
3742
-9796
8338
8520
4333
-9442
-1032
-1713
8340
586
7649
-7205
3918
1044
-6337
707
-3265
4890
9969
6734
6810
1749
-2169
6360
-9316
2059
-5914
-5094
-2883
1663
1704
2872
-4797
3670
-5800
8732
5152
-7695
-9926
-7382
4987
-111
-4599
3006
-4006
8527
3474
-5630
1427
-9699
5766
-627
-4717
-2887
6849
-5353
-7552
-7609
1868
-7418
541
8478
-7141
7980
2853
-8398
7303
-9993
-6778
-5080
-376
-7093
2168
3592
-121
2932
-4364
-2554
3125
4423
3864
2523
-7021
776
4382
-7999
-7632
4225
-8974
8051
2331
-9322
8493
-2983
-12
3657
-2274
-3306
-8722
-5299
-8864
9394
-9890
-6590
1696
4135
3042
7901
-6857
8556
153
370
-186
1308
-898
3772
1555
-6047
2419
1558
2225
-32
-8434
-8786
-1321
-8267
1038
-6146
7603
-5510
-2307
-3687
4949
-9967
7903
127
-1434
-1747
-1879
4029
1736
4157
-526
7004
3016
-6247
8188
-7491
-486
4247
1945
5739
8254
-5780
1009
7818
-4602
-4237
-9711
9737
1083
-7787
-161
-4696
7286
6711
7735
-4286
7460
9950
951
-61
3379
6504
-5053
9888
5802
6403
2651
-795
-8904
6263
-9717
-6888
-860
435
9024
-3955
7782
4943
-8063
4215
-3186
7451
2047
5853
-2332
5048
9892
-142
-5760
-2022
8268
5206
5902
-6635
-269
4541
-8883
7072
-2412
5419
2599
9781
5438
9575
978
3533
6789
3311
1339
-4915
1722
-9581
-6457
-6505
-7696
4066
6930
-7772
3045
4378
8122
-97
-9958
-6920
5742
-1280
7872
-657
6388
-4049
4529
3326
-6798
7907
2709
-3163
-1449
1231
-483
-7022
-537
-5769
7495
3025
178
4300
648
-388
8694
1600
2063
9302
8757
-436
2028
-3778
-3919
1542
3833
-2577
-8871
5654
3161
-8268
8390
-4460
-8539
3691
-8598
3830
5392
-7918
7374
4099
-7047
3087
-1289
6057
7325
-2593
-1963
-383
8086
-3695
-97
-7783
-5995
9019
8123
2387
-5793
5629
1787
5523
-2519
6369
6821
-7707
5159
-9629
203
4183
3707
4990
1694
-9984
5334
9009
-6795
-3908
5754
8652
7587
-6419
-5142
-7673
-899
-7508
-6585
-414
3210
-83
5022
6173
6808
-9548
-1592
2457
5431
3706
8997
-4569
-8137
-4326
7538
-2781
6746
2396
-9849
4449
4641
-1286
-9961
-3689
986
548
3620
8743
-6390
-7320
-888
-5366
2402
5177
-175
6190
5505
3095
442
-7665
312
2195
-9627
1598
5731
-5734
8250
-1952
-7807
-5977
-4910
-8813
3936
-1389
3285
-682
-4519
7987
9068
-3382
3753
-7875
-5130
8441
-9803
-169
-6131
-7529
3601
-393
4065
1093
7471
-2387
4841
503
751
3224
-4705
-3514
6007
7681
9758
5263
-1334
3900
1882
-6354
-6992
3478
878
-2106
860
4335
-7834
567
-2588
-413
1357
433
1426
-5811
9976
7785
480
6661
6212
-7932
-3547
4092
-2480
1769
-4989
-6583
6297
-2594
8111
894
-3902
-5079
3128
-3562
3566
-7136
-3199
4385
-7760
-465
-2086
-6041
2892
-1725
1695
-5650
-9832
-1854
4394
-4630
1133
3939
-3098
9700
8467
-8976
-8796
152
3670
1774
7995
-601
-3532
-2878
422
4643
-2288
-3411
-4783
7735
-9147
3714
5783
-8672
2560
-5847
6945
-3236
-4172
2208
4081
9733
2034
-4320
-151
-7300
-1083
8514
-5981
-3545
6198
67
5388
8825
-1814
-4124
2319
1536
-5418
4330
6759
9788
2641
8803
-3100
-548
7328
5984
-520
5444
6249
-3547
-3606
-934
-4965
-8073
8447
-1721
-6596
1848
-141
-7950
-6401
-7335
-8088
1269
-8526
7908
5283
-8355
6011
5346
-2699
-9322
-9937
-617
7458
-2878
-5783
-6455
-1779
4131
4891
2902
-6303
-8765
-3430
-8340
1402
7825
8837
-4788
-5110
-8040
5286
1322
857
-4078
-1958
1469
6650
18
709
6878
655
9391
-4978
-6938
303
6904
-2333
-7232
-8316
1584
-9733
254
-1505
9156
7534
9801
3469
4116
9422
9101
-7606
691
813
-942
6208
-2050
-3317
3874
1038
-4853
-1153
-8459
-605
9584
-8455
8064
-1476
6185
9949
-793
5871
1857
4641
-5708
-5298
-1548
7
7234
-2294
4926
-9692
-4807
-8854
8169
7191
3608
1899
-2619
-3001
6869
-1061
-7042
7453
-5141
4587
-3235
5646
8298
-5799
-2289
-7513
9565
4885
-2980
3568
-6962
960
-8267
6169
-4242
6619
5501
5110
-1686
-1457
365
459
-5215
-202
3603
8135
-176
6188
6490
5816
-5825
-2489
-5277
-9493
-9767
-8828
-5155
4209
9900
1428
-9497
573
-3439
-2207
-3640
7199
6279
2622
1146
7011
-9260
-3119
4852
-511
7693
-6597
776
9571
4255
-2917
4414
-7739
-6023
-8826
768
-4958
9029
-5225
3059
6487
6916
-4123
921
-7400
-4631
-9882
2796
-6360
-1803
-653
1241
-1020
-4882
3972
-2857
6565
-2171
-6075
-7276
-5488
2272
-2142
1408
2601
-594
-9774
5251
8882
3447
-9001
5343
6311
-3873
5681
-6828
6140
4999
-1611
-6185
3003
9921
-3175
6758
-2639
-5734
-6405
-7773
1436
-6957
320
9607
3471
-9312
-6351
8777
6399
1284
3924
5210
-4346
4091
4138
-2357
-3576
-3558
7997
1678
773
-568
-9220
-2450
7192
2684
-6321
-336
2474
2857
3945
8913
5904
-3688
7103
-2909
-5920
7268
-78
-1481
-8244
-1705
-8560
3773
-9816
639
3849
2193
6820
-5459
-4149
8155
-1283
2017
6315
9143
321
8531
790
-6191
8743
8093
9531
7796
1408
-353
-6020
-3592
-9665
7663
-4843
-2940
6152
-327
480
4785
1830
-8411
-3488
4666
-3965
-9324
-1858
3077
-7694
-7279
-9388
-7171
3322
3317
-65
3274
8758
7887
4023
-1059
-1502
2668
-3497
1796
-1111
9834
5098
2618
2730
-7890
3192
8206
-5695
4104
4972
-7781
-4394
-432
1829
-9224
-8380
5221
4455
6799
-8690
9198
-1359
-7471
3765
4705
5655
-7973
538
6522
-9970
3824
9687
7618
-9087
4223
-7622
-8369
7886
-7145
3427
7212
-6191
-1278
-1099
5274
4405
-7915
0
-8578
-3605
-5406
-230
8595
-5099
4874
1489
1344
5291
-9335
-3838
8443
-6163
7229
-4852
5528
-793
877
-3525
4305
8562
-2193
-9500
415
-9895
-6247
-6847
8702
-7408
5117
-7537
4096
-8766
6524
5954
-8562
7570
-9751
-782
-5697
-5493
-4269
7530
-4460
-7755
-5708
3367
4153
-183
-2619
-8085
-5710
2453
-598
-4220
5120
3698
2721
561
-9435
-2129
2758
-7117
-1228
328
6049
-8275
1848
-3495
-3842
2550
-4193
9117
2212
-7617
9562
7459
-8163
6000
-5599
2004
-1981
720
-4086
-5379
-9735
-765
272
9099
-4302
3165
247
4064
2713
4714
6971
9731
9476
1787
-6310
1790
-6563
4402
-1595
-703
-9453
5441
-6671
134
9712
4024
-6302
9674
-6999
-469
641
7546
2891
-9959
8989
-7244
-1965
-6898
-1411
-5260
2218
8025
7780
-3239
-865
-3016
-430
-8855
-3795
-8365
4401
-5696
1551
3357
-1218
-6568
-1548
9691
4535
-480
-1984
3457
5033
8682
-6698
-4939
4608
-2853
8059
2496
-220
-2628
8177
2413
1171
-6624
6176
7711
6898
-7367
-3435
2409
-918
2821
7062
-4650
2955
7831
-5383
4754
-4350
7187
624
9544
-298
-1612
8929
8604
-6709
4699
-1659
-8651
7321
-3148
8231
-4864
3039
1190
2586
-9026
-4457
2270
8103
5702
9862
-9442
6234
-6326
-3824
3548
-3649
-2851
1986
616
-9391
-1012
-1976
1828
2786
5704
-1467
-3154
-7139
6322
-3239
-812
1605
2512
-4909
-7675
3086
-7695
-8228
2638
7434
-8117
-2769
-2656
7433
-409
-2350
-9120
-9730
3433
-5146
-3572
-9133
-6000
-6069
5215
-9293
-5233
7206
-1237
-2484
3879
-6745
9350
-5239
6032
2200
-23
6777
1283
842
-3231
5289
-2908
840
9573
3897
6031
892
-164
-5031
6118
-7792
8636
9779
-4543
1254
6176
-5631
1218
1961
-6626
5981
8984
-3487
7968
-3818
9446
-7007
-9034
-7559
-861
4687
2826
-1047
5756
4541
3594
2868
-1032
5066
9957
9655
-6608
7930
1989
8904
3712
5365
-5406
8337
9067
-2891
-5372
-4364
-6676
-8244
5995
6109
-5922
-95
-7615
6745
-4301
-5182
-2555
8818
-1731
7460
9052
-3289
6366
7320
3829
2509
3838
-611
3237
-2046
8557
-3444
-7404
4952
-9641
-4408
-4466
8511
38
-8713
-4884
-6215
-2695
-5077
8945
3159
3387
9725
7837
-532
-3519
4292
2616
-669
-99
9448
4493
6645
-7296
1412
1207
6411
-6612
-7041
-8795
7762
-5346
-7542
5610
-8649
-9930
-7064
1398
9725
-3007
-1472
-1605
-3725
4926
6235
-2506
1999
-9117
-564
-9738
-4893
862
363
-775
-6377
-6068
9858
1808
7002
-636
1551
-5904
7605
2448
-755
5797
4451
9731
2318
-3474
-5599
4419
-9181
1838
-7078
5472
7602
-6572
-691
-1054
5701
-729
-650
9093
971
155
2792
-6427
-5831
1927
9211
5620
3481
-4409
-4925
3391
7998
3603
-6998
2216
271
8355
6774
-6898
-3266
6187
9982
4644
-4142
-6353
-1663
3195
6766
-89
-1644
6700
9206
-7311
4355
4348
-9737
2264
-8317
994
3972
3470
-2195
-1198
1367
5122
648
8506
-6280
5063
-3300
8362
-3735
-1493
-3951
6971
-8446
3972
-1772
-6499
-5087
29
6826
-1648
4965
-9219
-7117
-3846
-1873
-5319
7382
521
-9751
1713
-8985
-7624
9164
-6764
-816
-160
7725
5686
1216
-5509
-9945
-2817
-2283
-9228
7781
6133
-6519
-1622
4346
8119
9974
961
-7388
7893
9703
-8485
-778
1740
-9130
-3248
-5273
5207
-8044
4100
-9068
606
696
7291
-9000
-8150
-3366
-539
9072
-7228
-2291
7439
7263
-6042
-1015
7354
-8358
6009
-2464
6869
-8095
-8806
-132
-7247
-8913
-9309
-4797
-6573
-1330
-9271
-136
6840
891
-6800
1326
5280
-3439
-2454
-1268
2233
7965
5992
-3364
-3026
3804
3282
-9718
1028
-3916
5152
2686
4862
4011
2914
8997
5310
9107
-2447
3015
-7517
-6681
3725
-1006
7033
-9319
-1728
-266
2758
4022
-5259
-5242
-913
1216
-505
8070
-1384
1768
-9700
6404
4425
1754
-9778
9458
-1184
-1073
3193
-6316
-1133
3179
-2521
-2738
-8804
4667
-169
-4056
-4483
-6661
-5540
4949
1255
9334
-5422
7678
-5359
4942
-1390
-3892
1486
-2958
-3805
-1530
8516
-9974
3549
1835
-8862
-3293
2700
5001
-5153
-5726
6459
-692
-1048
9350
-4832
-572
-9372
-5819
-303
6652
-3207
-9254
3771
6833
3348
-4479
5425
-5232
8103
-7490
-5818
4203
2433
-8335
-5855
5922
209
-5960
1084
-5887
6495
6226
411
-4730
2656
-7691
9547
-6065
-888
8558
3722
-946
3538
4621
691
-4013
9747
-4963
8216
225
944
-570
-499
-4435
8570
-4808
9110
9909
-4827
2448
4970
6037
1328
-4700
-8125
773
1887
647
6484
7235
4088
-1753
-8796
-9813
819
6645
-6613
7554
-8166
-5846
1021
9633
-2410
-952
-7732
7390
165
-1078
-3210
-8477
5959
2081
-1411
6393
-8214
-5705
-3015
8729
4107
-5498
-5295
-4334
-2444
3117
8906
5337
-8541
5163
8858
-8978
-9423
-76
9599
-358
4380
8794
-2250
-3631
-2977
8776
3105
1869
-1199
-4685
-208
-1593
-8880
-1037
7753
409
3535
8452
-4398
9771
-8655
7533
5563
-2781
8485
704
2925
2270
-5379
-6323
-2056
-1545
-2143
6129
6300
6525
-6087
2435
-7170
2326
3275
7332
-668
-3197
-9758
-5655
-2580
-6155
-8163
2821
9836
2406
-3434
8936
-5326
-3690
7794
4761
9055
508
-874
7737
5489
-5964
-2541
-4128
5475
3519
-8475
-6928
9784
-6007
-5217
-1405
-4240
638
4866
-8232
-8223
-1290
-1088
-8389
8998
-9692
-8440
8645
-7208
9582
2709
-1630
-3438
-5472
-3801
6891
-283
3212
5699
-6481
9002
2317
-9222
-4151
-9950
-2761
8426
-6340
1840
-7271
4106
1984
3108
7323
5859
6033
-832
-9664
-796
110
4959
9018
3206
-3613
1223
-6982
-4539
8142
4044
-7034
-4457
-4297
-5019
1770
-2785
1753
9944
6201
-9432
1714
-9749
1975
7137
3321
1888
911
-6540
-6394
-3698
9418
-9291
1978
-9864
-5470
4778
-3932
-2000
9514
605
-9692
-653
-2808
-722
8857
-1352
-762
-2871
7944
3712
-1751
-5341
-9035
5624
-4360
-9598
-262
-1503
700
-2512
8844
-7796
-4384
-4175
-5040
1892
-4569
-1966
8032
-7925
1824
9343
-9577
-4415
5534
8250
-9662
8823
-3286
1869
-3109
-9529
9300
3727
-8849
-8627
5408
33
-6267
-9858
-959
7170
8191
-7114
8456
-1021
8614
6943
-5208
-5885
-2579
3887
63
540
4887
-1529
8420
4666
-9667
-1621
6644
5775
4332
-7968
8526
-4533
8698
4737
5273
7917
-9255
-950
6773
2749
-6275
-7030
2208
2645
4569
3911
-7317
2049
1560
6853
-8312
-9791
9557
-3612
-2777
4779
-3027
-1244
-8542
-5596
8788
9079
-7249
-1146
9455
4800
-9778
5154
3162
-8105
4592
-3849
9007
1776
-3918
8693
7276
7394
8823
6047
-8181
-9635
5477
1015
-5859
3650
-614
8033
5613
-4822
-2346
-182
-8233
3792
304
-4698
-7978
2985
-7806
2583
-2800
593
9888
-3081
3087
393
643
-1743
-9778
-7936
6520
-7308
-8845
-2102
-2590
-5928
230
9126
3902
-7795
-3844
-8891
6537
9138
-7841
295
2185
-8015
639
-363
-7039
7138
6217
8978
-8374
-8057
-1787
-7601
-83
-2951
6650
-3591
-5862
-2224
-949
2585
5327
-3964
2632
8515
-8055
-3376
7393
-2319
4287
-1250
2082
9485
603
-1812
-1231
-9427
8847
-9833
1761
-2061
-6749
-6914
-3190
-6856
1259
-244
-7626
-8780
3751
1481
1794
-4441
-1092
2585
6468
-2941
5119
-7415
-382
5491
7487
2176
-2569
5704
-3495
1882
3625
-6398
7695
9687
-3094
-5097
-5495
15
4634
4415
-6060
1048
-487
-17
-7989
2765
-8462
683
6846
1435
2744
1371
-3652
9971
9331
7379
6164
6301
9167
-48
-4962
-2771
-2721
-3479
2205
-9371
-1320
-3310
-30
7895
4925
887
-4240
-6264
-4819
-782
6661
2891
170
-7859
1308
1726
7582
-8481
-524
1993
-5109
5654
1536
-7781
-6687
-747
-8301
2400
9712
-1072
-804
-226
-2947
7712
8907
560
-4454
98
-7807
-4513
-3151
-4991
-5894
-4104
-9741
7039
4076
1132
-3158
8271
-4268
-1936
-8193
-1502
341
4707
-9835
5863
1215
1925
-9994
-548
-12
791
2257
3913
2953
2442
-2246
2882
2889
-7362
-3375
-6438
6435
6921
-7635
-528
9864
-9948
-4238
5442
5504
-671
6698
7455
8045
549
6080
-8973
-7710
149
4745
-9693
1670
7428
-8121
-5500
-7289
5671
5122
-1841
-711
8067
-8327
6685
1843
-5895
-5609
6194
3281
1219
-7697
8914
4568
6124
7941
6855
-9331
-6495
1747
4767
8406
-7334
710
-7914
-1901
-6765
-5182
6887
-7299
2783
-883
-946
-2656
-1932
-9326
1211
289
9638
-6039
7372
-7382
-2698
-101
-9631
5131
-9206
7009
2890
1820
2276
-9295
-4941
-6821
-2921
-9557
-7590
945
-5262
7581
1605
-2739
9669
3190
5890
-6643
8334
790
-7923
3353
126
8187
4118
-7902
-3906
9702
4665
-2497
6636
-5723
9714
5537
1780
7387
-8686
1834
5863
-1904
8808
2581
9891
-5985
-4047
5801
-3346
-1716
-4505
4667
-3401
-119
-5464
-5558
8606
387
-2008
-2748
8704
8743
-180
-5506
-3677
8089
1465
5762
6561
333
-311
4099
-7922
7668
3991
-6908
5256
4484
4423
1693
7223
-8498
4851
4989
5696
8516
4782
7505
7351
9525
-4099
4848
-8002
7643
1291
-2246
494
-1317
-9362
9391
-9247
5478
3008
-4125
5873
-8330
-3385
-3303
9490
239
-5947
3486
1683
-55
6734
27
2015
-8787
-5373
-4668
-8799
6627
-2664
-5116
-933
-7117
-1185
676
-8392
-7528
2593
-2991
4299
9809
1801
-6559
6597
9490
-468
432
-5590
4011
-3628
5651
-5852
-300
-3819
4220
-3159
-2834
339
-5605
5234
9738
1791
5360
-1542
-6551
-8042
-2692
-5219
-7356
6917
597
-9393
4426
5456
-6499
3305
5769
7385
-1093
-5044
4326
1512
3390
7913
5775
-549
1873
9699
7369
183
7802
9383
-2079
1589
4344
7614
835
-8839
5068
-2091
-1344
-4664
4355
-1885
-9093
-2698
-9644
6325
-1794
9850
9938
-7431
-1151
9439
996
5143
-294
-8833
8481
8666
8739
6848
-3100
-2128
290
-1568
3605
7161
-5642
-4065
-950
-2391
-5071
2537
1219
-3927
2508
-536
-8202
-9247
3646
-5212
4376
5058
-5163
-2155
3290
-4347
-7376
7898
6129
-3530
-4442
-9942
-6937
-9200
9108
-3255
170
3948
5536
574
-6787
-924
6897
6844
-3076
5841
7160
6385
-1291
-4703
-7679
9234
-2819
5001
-3400
-6734
2103
7511
-4534
2838
8563
9309
-9219
-1880
3288
4332
3603
-5128
1418
-7799
-8093
-8934
-2234
3667
3290
287
-896
1328
5822
3023
-4228
-6849
-2069
4366
2091
-6798
-8376
2141
-577
-2850
432
1240
-9490
-9922
-4355
1310
-8224
93
-8082
8561
-6869
-3934
2141
2941
9017
5043
-4753
-8564
-8881
-7300
3424
1868
7728
-552
5068
-6569
-3369
9133
9800
8413
5630
-4175
-9649
3609
-9225
-7785
-3310
-6843
-3087
-4726
-3037
-7903
4532
8709
-7426
-5186
6190
7865
-9198
-3675
7358
-5753
7221
2614
-8861
3086
-3231
-2279
1295
-2457
9475
1411
-1007
-7460
-138
2141
1976
-483
675
-3009
8026
-4476
-8504
-9663
-2669
-8597
-6717
-7762
8526
-8008
-650
6470
-3887
-6078
-6160
-6969
296
-8035
2260
-1609
193
3200
-3573
5613
1716
-6624
-8190
6079
6683
1716
5082
6168
677
8434
-7416
-1168
7189
-9194
5266
-9189
2386
673
-8904
8898
571
-8015
-5944
-7443
-2129
9095
9339
-8381
4434
-970
-7296
3460
9522
-7709
-1514
-288
-2452
-1627
-6944
-4404
4788
-1363
4503
-2707
-2988
-1440
-9095
7679
-178
3693
5186
-1979
-4702
-9361
-452
8884
-9595
901
-4694
-1822
1104
-5321
-547
5435
6206
-7531
1641
-5297
-5215
9793
1172
-4912
-1653
-5960
2063
-9648
3050
1305
8753
1388
-3425
6578
3913
-2809
-4292
-8409
-4445
6729
3697
-7265
-7396
1507
-7157
-3158
-2632
664
4825
-169
-8378
-3053
-4865
-6519
-4060
3479
-1005
-6724
5853
4380
9746
6810
5688
-871
-5201
-3907
-9108
182
5563
-6201
-7713
-7945
7342
6884
5267
-5443
7507
8662
5144
8953
5451
9786
-8896
4401
-8195
8059
-6691
2690
6101
-8671
7730
-4901
6367
-742
8009
8189
-5439
-4013
8824
3671
3028
9568
6347
1660
4921
7365
3316
4759
-7177
-7830
-9235
3480
3348
5127
-1031
-3862
-659
8936
-8137
7088
-7446
1234
520
-8342
-6952
-7454
6236
6943
-7045
8557
7091
3442
-3279
-6683
-7726
-8043
1971
3140
-578
-6266
8174
-9686
-5695
-826
6641
4810
9562
-4609
-8025
-6388
4115
6864
-4836
5376
-5141
-1759
-1109
-402
3984
-8362
-231
9244
-2142
7905
-7917
4000
-30
5525
1904
6482
5157
-417
6183
4691
3536
1346
6160
5227
270
-3027
-1265
-2595
8553
-8153
1296
8580
-312
-3218
-1662
1168
-2096
6172
3582
9783
7524
1549
-1767
2223
-901
-8444
-209
8167
9951
9121
5913
7998
5039
3989
-6237
-8791
-3088
-5246
-8111
7697
963
-9346
8712
-4702
6182
2307
3156
-8556
-5873
-1972
-5992
-4274
6107
9097
5961
6231
4940
-9434
5324
-4044
-3807
2950
1419
-6644
-6294
6511
392
8850
9766
3063
-7909
-8204
686
-8749
1512
2314
7898
-9630
1629
820
-8765
-8387
-6796
-5737
-2942
7701
3027
363
5520
832
-5323
3970
6909
-1018
-6460
-7995
1250
-4042
-3988
5128
500
4737
2362
9851
3181
4043
-1037
-4843
-5392
3675
1899
-8131
2774
-3778
1744
-6009
2128
-8278
5308
9911
1809
1232
3795
-6076
9371
2707
-3235
8480
-8338
-238
2734
4169
8312
2756
4728
-7974
-7764
3178
-9916
-9222
5023
-6199
-4848
8163
4456
6268
-2385
8703
3682
-8311
-9920
-82
2715
5300
-1338
5321
-9928
-2740
8754
-5187
7178
-3394
5861
9097
880
-4657
5927
-4746
-3484
-5958
6906
3543
4778
2978
-5245
-5486
-8638
-8057
-1007
-3572
4977
-7681
-3871
-2677
2524
-273
36
-8887
-2008
2387
4965
7901
3346
-5741
5759
-8901
-4684
8506
-4994
-5288
7349
-2320
-8557
7541
3681
8296
6814
5116
3937
-296
3275
9808
-8191
-7876
-1218
-1520
505
-3850
5729
-7934
4919
-939
-1132
-54
8519
-9710
5740
8847
6888
-8280
3569
-8741
4471
7024
6757
8127
-8894
-2768
8379
1995
-780
9513
684
-7584
-6875
-170
3295
3409
4959
-3437
5977
3328
107
3699
-6855
3965
-3720
8350
8746
1951
-8728
4261
774
-8651
3257
5394
954
470
8078
6338
8605
-8243
-9285
9545
7367
9542
7262
-8919
7962
-2420
1344
5172
5310
-9020
-7299
-1832
-8322
7080
2095
-4530
-2511
-4670
-8536
-4809
4598
-839
9569
6060
815
-6000
-4590
-5231
4022
-7357
-7448
4509
-2042
5619
-5137
-2199
8435
-326
6311
7473
-1463
-7985
8771
-5333
8463
1666
3270
-4647
7076
5412
7064
5313
6920
4079
-6061
-9530
-6484
9579
-9242
-2922
-4363
-7761
2853
-2708
-3778
8622
-4118
4508
4811
-5710
2280
4183
-1063
3389
5879
7977
-2911
241
8900
1883
-5935
-8975
-1973
4530
8882
-1402
-3753
1123
8744
-3859
9269
-2575
-6041
-7700
-7400
-599
2024
-5543
-6789
485
1589
4799
-8201
-1876
6210
-4910
-7550
-3751
6757
-6425
-1858
5476
-4825
-1867
-160
7667
-4683
6121
6807
832
2105
-951
9269
-7912
3849
4709
-5634
7397
3857
2424
6467
-9623
975
8200
-7581
7463
-6528
-6824
-7597
3977
9443
-8707
8542
-1722
-1935
-3947
4223
-676
3095
395
-7200
-5241
4718
-994
-6052
1095
8036
-563
6126
-8770
-1290
7271
-3931
-346
3263
-73
-5175
2187
3327
-5798
-5742
9257
-47
9478
-1367
-6996
7066
3632
-897
2452
3998
-1629
-4634
3559
1073
1821
-9224
2529
-2567
3385
3702
-8707
755
8187
6603
-4560
-4618
3994
6464
9485
-2397
8896
-1796
1041
4334
-5096
523
9198
-9081
-5585
-9516
4520
930
-6473
7890
2409
-5933
-9518
-7064
-338
-2529
-8255
-944
-1659
-397
4055
4654
-6766
-249
4569
-8268
-1673
5286
-6085
-5271
-7776
7988
-9780
-4996
9147
-5770
-2209
5907
-4431
-5795
-3582
9639
-8863
5231
-2085
-617
-7787
2067
1519
-9084
-3
2094
5224
5900
7820
-9559
-4616
-3781
6420
-2202
-1909
6942
9586
-4428
1122
8662
-236
3739
7591
5638
5909
-7136
8858
6613
-7653
5703
-5780
-3632
965
665
1126
-2875
1795
-8643
-1878
-1317
7951
3566
-5491
-8685
-429
-2707
-8852
-9395
8070
3428
6265
-5262
-1058
-6051
5987
-5997
-9338
-3464
-8067
1258
-7399
-1803
-6852
-236
6611
-5448
-8580
9363
-3329
746
1086
-3955
-8160
7850
-2888
365
-6207
-548
-8849
8277
1683
-4403
9997
-1211
9915
7243
-8547
-3813
-5472
-247
-9111
3226
4461
-2554
-8715
2942
2711
-1154
-4567
-7874
-2230
-5397
-6815
-4205
-319
1710
8357
6206
-4813
1068
-5569
-3999
-5957
8871
-2638
-7068
-9958
-5227
8463
-2045
1179
2968
5585
-250
5758
-4947
-7658
7282
-6076
-7330
8074
9740
6151
1901
2382
-1430
-4594
-9867
5661
-6578
3796
-1798
4822
7950
-8796
-4531
-4815
-7169
2505
8805
5047
4337
-8651
9661
3536
9906
1431
7139
-6895
-8615
-7466
8430
4352
3882
-4364
-7202
895
-286
5858
2177
-5346
-1247
5309
7910
5763
-8383
-1734
-5344
-6522
4965
-5019
-1199
-4140
-1027
7544
4372
9870
-6959
4415
7398
-413
-6966
7839
8068
-6113
4628
-141
-2716
7588
7657
-9920
7203
-979
-6504
-1850
5308
4230
-8532
-6897
-8535
3414
-1693
6942
-1804
-1493
-2490
5471
9395
2487
4717
-5131
-9137
8053
3099
6249
9564
-4272
-3284
-1777
3504
440
-1188
958
-1538
5833
-7751
-2434
8109
-4716
-8659
1885
8871
-3764
3038
6783
-9881
8538
-336
4981
8117
-3482
9985
-6363
-8430
2394
275
2293
2692
-6453
-4011
7849
-6358
1197
6218
5264
8007
-7571
-8584
4867
-3036
6494
3214
-2301
5094
