9612
61651
65620
71812
27186
92697
10915
97937
88306
64320
26325
30548
2573
49074
27009
50464
55184
4375
81544
62757
98191
11070
43786
92060
99853
46090
39575
79761
23420
32222
80589
57510
69548
52139
81464
93516
59581
98296
8929
49798
34673
24969
59091
1328
5252
54898
50455
27554
56623
33532
31840
51227
61217
81809
34735
61985
9650
32094
3028
94257
61672
34717
8928
47929
93557
31715
8787
9249
4357
97658
11847
18349
11791
63615
24548
80638
54475
13287
90261
42155
37743
10856
12828
86648
12777
32929
13934
92991
57291
13397
50257
15225
19728
11904
1833
14256
65656
91941
55211
96842
34217
77306
16345
92393
38650
82279
60384
91654
43166
194
74136
52142
67696
57834
61978
5422
96700
58935
47720
95448
84165
33186
503
1690
87491
40620
17986
43045
87261
97421
28356
20914
37972
93515
97947
8319
23344
54912
65651
24813
61031
41848
11421
42014
44618
48282
40069
25209
93848
23173
78182
78200
73872
42746
10789
79978
34226
26614
70483
57245
46673
18019
93542
70948
79896
18660
21435
98533
66490
70612
74529
32413
29867
68832
50408
5228
35840
9437
29074
98396
4384
25096
21550
3036
67256
59593
84607
79624
48415
79590
57609
75415
77052
37538
20469
53726
43730
30737
17571
81643
57761
7052
69985
60888
9363
22881
16751
31904
21051
51986
33991
49916
41235
67204
64827
16297
45013
37276
75195
22058
22215
93882
24887
10568
87447
94068
11609
662
56591
68738
93932
98433
41955
75807
17897
40431
10656
22366
42339
57907
58723
97379
90973
40480
7301
72466
87714
83534
68933
15314
82970
94118
35381
56165
29057
28314
70053
9099
23362
39721
21194
93603
66102
34174
89003
30959
92355
18549
68127
80045
34155
50729
46752
47591
34192
54847
92127
16452
98117
53671
7070
21661
72473
53905
68086
94668
83844
92528
15376
41479
8665
53684
90378
84665
82642
22414
94926
35434
37001
45583
29535
3221
39315
37157
5519
19413
60731
56010
87674
71597
70953
89446
43824
47720
54175
36200
7365
22558
79614
33893
46783
41832
59877
75949
86512
9615
46289
94652
69562
80718
33412
31226
39348
94911
77501
39231
27175
53576
64957
97005
79579
1891
91593
25375
84276
66296
11394
49088
45562
28791
40803
48246
86201
58969
65450
89417
62315
42890
37764
56542
92528
26701
83197
77271
54933
46994
18922
40316
39945
99223
55405
46574
70928
67707
17163
58038
35400
95441
90465
26847
30385
31922
92093
23952
76677
50147
73998
34171
2178
25101
72254
72694
43172
22847
20040
40031
55193
93323
99617
22423
44335
49775
70034
88095
81398
40983
76143
80878
79479
86635
575
99513
3214
86641
46672
8083
44338
28616
72527
47840
9771
63607
36465
2347
12695
73784
86530
56391
11814
22146
59770
94219
59909
88813
2473
28044
96802
28468
25252
37783
95996
59152
65805
73865
87788
79988
84088
34831
80737
80842
48722
6615
46126
31658
36664
61916
85111
98704
74226
98524
70921
44175
56534
18187
88704
1655
97300
46372
52168
79479
4980
26860
90514
50318
11819
33740
24431
30024
81176
14453
22221
24290
48989
46393
73037
71564
43578
44072
11561
39630
23345
79496
67811
81354
95736
38964
8934
63430
86332
21229
67308
71823
86742
46068
16950
74821
57787
91884
62080
69520
53124
51641
18165
6721
9706
91775
36857
75023
69469
81788
9291
71017
40477
20346
69298
39758
71846
48337
94265
82229
40981
2213
49043
59340
39280
76242
34754
9795
20401
28783
42352
86309
54754
36311
99883
85833
42853
55211
53459
36182
82247
65636
20820
9558
90312
88694
45198
80387
85116
60143
16212
19035
1113
51706
59851
55432
23563
87646
13942
59940
70596
81604
22069
54974
58875
7217
63714
19325
99432
27330
11116
33537
64226
15221
6334
71198
50730
46439
70213
19177
52832
70493
43135
26553
70116
31767
16176
86467
43878
63866
30355
786
43361
66940
2377
41216
33435
46618
91852
53994
95398
39956
98616
82293
43397
88162
93386
18586
8493
31072
20257
79674
62425
80712
83793
9234
17407
13208
28133
76462
29537
49990
68923
95825
58304
71263
1212
93121
46094
5839
9107
42690
54231
65723
50576
9218
6156
5012
11622
96759
30086
99479
38744
57012
1873
69186
33576
47853
19944
39740
25442
47473
58390
22127
97535
31936
12925
82733
93581
77349
15059
93027
71472
16179
32992
40382
77642
42024
38612
68910
59926
14732
31013
78343
23047
29030
55806
77364
22504
59274
24372
925
78235
19379
89140
35296
30151
36263
50570
68468
82885
58629
50817
62529
6586
4402
47756
81302
54502
63837
40605
93033
14347
78514
83267
31327
76248
48422
66783
77972
91864
63933
64427
54191
9561
1118
90914
95712
39944
5841
67733
9124
36647
42276
56694
19983
45275
46555
14509
52410
73458
71322
18551
15583
80808
62918
5187
42079
37813
52722
75645
52993
96470
28178
60621
23220
78142
23344
17171
46403
74313
45787
86441
52962
74072
26139
80366
61247
32991
83625
17633
76712
30572
20147
35663
26966
33425
32537
70259
93175
74737
94017
79111
38104
63088
70997
16206
53077
35957
53691
90991
72435
25958
19523
2348
10580
40938
54804
80842
31727
67862
14533
3047
23687
57892
61871
35217
9788
76586
26801
35680
77874
28785
40161
48506
9554
57974
62863
95504
23868
64457
25654
15131
49334
92072
93809
75501
12472
55794
78645
81822
92529
53026
94161
91042
36571
45889
2844
9024
21436
4391
91656
8855
40552
12506
56141
9557
68579
89175
89705
91352
41011
34894
50513
90614
27127
60141
87226
97998
18359
83413
59320
64693
27810
30433
57327
97281
68492
49541
4152
76704
67295
26389
98557
51433
58253
49318
6178
11117
69042
21461
68477
73999
78178
37475
21336
59162
70292
46783
67181
48047
89607
77778
19653
2792
56607
71419
21525
79791
75205
55873
67816
95752
60018
31303
64221
19575
27382
75513
42589
53202
78934
20441
21570
29694
13114
23243
83712
41345
48173
71406
38043
71455
90244
37911
43101
3353
10338
84111
9466
50149
6615
9952
72463
9262
89515
75671
95143
75088
46215
6875
24897
24870
15819
60167
76915
56969
23348
45361
31922
6060
42000
74265
93975
18839
17183
87974
80589
86391
14806
66716
58740
80826
2206
2333
94281
42694
41596
60329
62675
78682
24517
97663
94930
90523
71098
37950
44913
99675
94035
88486
68593
83929
56786
86520
15420
64939
11016
48264
28302
16906
20857
7234
4311
80891
5177
49670
83761
76032
67500
2989
81503
54274
42851
84556
46511
3304
30674
6462
62870
38435
17546
80892
9260
8200
42927
24470
11112
24820
63329
65252
58475
68603
83561
7744
29756
93531
36501
93220
5142
96551
71119
25731
90333
14276
272
64489
11215
24213
31832
45766
33912
2452
98627
25632
91423
3263
98188
76683
17406
98023
54114
93050
49942
18261
31782
81942
97182
61421
86822
25275
44842
79889
58900
14899
98601
72613
8362
11479
82806
13120
30752
52431
39512
18942
67486
55075
96826
45262
97482
42758
60086
4494
41214
66530
59340
3554
56513
70261
44347
80643
72912
50
55647
44370
28096
53080
30978
68871
37474
33204
5075
89069
25527
51137
96820
55838
91802
41802
77500
14526
26338
89574
18934
41825
52389
63246
55807
85146
79927
11140
52470
55131
27715
96583
4378
46132
80453
25182
13713
89166
6793
2208
33373
47760
17112
95558
54163
39008
22820
7415
59276
47441
21260
75694
60186
92118
11785
65766
48904
74438
46302
47403
54713
83607
39830
65688
30538
11854
6932
46966
66783
94197
87909
42289
69434
54910
14688
83880
16245
93687
19075
51851
13914
2868
37490
51092
71387
44363
94218
2322
83061
65183
59841
36841
16391
74778
70140
40754
17179
45960
90393
60447
63417
73244
21703
37972
48838
47958
38468
45191
17749
98892
52304
69614
34171
54493
28030
58739
75984
67665
53195
55184
12915
95210
60348
50856
45136
33832
73236
73235
69079
47608
35
53638
11419
36156
92173
46347
89685
21573
8647
88915
99809
40975
83421
29433
23700
53651
58258
72751
41329
58750
18813
74492
25282
21768
43232
21524
47540
66512
60898
14388
39142
68822
53214
8828
59151
47961
44276
51657
88180
97239
13113
25592
42433
29722
12023
99968
77540
98250
36468
38409
99196
59487
90895
13477
68360
81403
79586
99480
94610
5652
94086
77981
98370
11964
80512
53453
54918
81605
39151
94346
35038
9141
87887
79852
91652
18287
90295
23148
25821
89187
76732
33050
61432
15981
32842
48349
14227
87689
55861
86991
15768
10615
46549
66631
96369
32311
75864
20792
56446
19892
907
83664
6274
86805
65382
69647
16546
79715
42367
13746
49592
66455
20771
40671
27177
24830
83276
71839
11213
14186
30444
39537
38849
28501
19792
76320
86053
78046
44984
49245
25203
1113
15063
47920
92736
85160
69931
499
78757
25703
39267
37994
54220
72627
57385
50584
64502
48944
47814
73036
88007
84453
81586
44416
58862
23385
54522
47452
93808
17933
77286
45949
54252
18154
40288
69105
653
76064
40935
50703
59136
45974
496
56135
40329
83939
34060
94251
61471
76659
53196
27168
89892
73846
3275
71774
59559
84682
83945
41869
75770
92066
99484
50954
26904
83911
45867
43323
64719
44817
36046
47381
54473
82562
18861
28842
6590
45455
23024
22652
15953
16521
23991
36632
43818
53839
15016
90362
11874
73827
42306
42708
56427
72162
87414
96316
80909
79392
13604
29140
7401
23514
76339
54684
3947
40515
5471
86353
88942
96545
42675
50321
37720
53125
32271
5290
74422
28074
66130
19280
35013
83918
47780
37813
63177
43603
13970
58363
94932
85943
59947
96898
95884
20140
79930
31695
13377
5058
40018
45296
88584
66971
23187
43667
79601
7609
38261
97853
33166
57466
96428
8005
30169
3017
94697
81791
95508
29823
86693
81331
44772
14744
29449
66043
34033
31537
98979
41796
98039
30868
55764
6261
71459
13632
55026
14670
18000
57218
67394
38972
88132
7172
87598
81531
44716
88465
26468
45086
49031
94885
43189
72490
38099
71613
10042
31303
33455
13830
40325
91300
64039
40741
68943
72906
43600
85977
98472
97891
73012
40946
33739
95071
69437
53403
1725
4985
41268
53850
9775
32316
49558
35109
50941
89941
78110
35763
23787
58897
96719
92497
70816
91786
99209
76537
32114
79916
39574
70941
16334
92934
50750
61848
76686
84137
33560
64694
55193
44847
87580
55798
46713
46532
45892
73770
23306
59602
26842
3074
74396
35112
32437
87330
50514
36448
20186
45090
51560
76013
26732
55987
27446
42383
86820
48920
85897
82621
82291
95975
46998
9547
40422
49101
78092
78796
66726
89632
52005
22613
2304
32816
85148
86631
23406
2749
79831
89726
44222
58682
37070
7823
68246
59074
59958
80825
16034
56694
33970
57642
4716
92285
64547
75335
63796
35051
35498
91735
89163
29845
85295
24367
5794
34195
55766
55803
33280
13883
27553
26344
26169
45143
1405
20278
59009
29226
28893
88475
9186
67005
88375
23938
65625
82799
35347
6766
77103
65403
85019
48978
77365
31538
64500
9949
37522
9645
62363
63655
77027
66138
76175
94322
25493
23416
16094
6561
54499
32922
71300
25207
46465
7649
58762
59053
84472
73423
61933
27512
90783
11892
79750
5784
91872
71846
17166
86653
14653
11142
96899
11057
64008
92712
66701
56194
11412
48717
53607
75543
30854
52352
72050
96278
37416
46627
43225
63238
88157
23189
7768
41046
5170
69422
60277
23784
63083
12743
41830
27156
81340
71929
34532
55595
65835
50154
76751
3608
64218
46981
3089
8648
2078
65894
99964
7265
3669
93234
36288
4764
18877
58219
63944
43801
23148
99977
88839
56420
39702
67317
30366
29625
8786
81348
98121
75789
73696
33034
80418
26214
84945
78715
55279
50248
32308
53928
28160
31544
84349
29808
29131
69669
4403
56185
69744
60261
31859
12543
2202
15229
75122
43440
18373
70377
52726
87634
77143
18247
37301
8162
28247
34797
42904
68947
76125
99582
56044
37456
77084
52372
29864
65585
51194
93765
8567
60842
80451
93593
47862
99994
64526
44053
58805
63663
97024
59563
37356
52092
81049
4972
16325
2369
3682
52446
64140
50448
39153
40351
94658
38369
54082
81868
50922
39917
90558
19614
37112
92757
55494
88409
30769
73971
51933
64574
32985
37018
41988
99922
18558
27102
60577
54857
25122
83130
28942
84566
52150
26768
36936
90637
94841
75773
29328
719
6784
21528
2226
62057
99813
71970
42870
69101
24952
13771
98866
86106
12077
23629
73814
37146
19190
63651
48792
31543
65635
46728
73464
67406
17046
26953
504
33269
21378
33117
68577
26082
71372
23480
8962
30331
61662
46114
80498
28582
62236
90231
7111
47098
31259
69587
12654
3932
28188
38288
75512
37614
62884
77055
7279
96406
92165
24040
84258
97999
67901
9999
68198
45191
83839
61550
41675
21761
84102
74451
78159
20804
97212
10264
86728
59068
18125
89567
19982
2603
79058
41011
13629
38069
9356
70966
67116
18236
1781
76407
13056
27923
58123
56582
9983
25859
30646
60018
6835
23928
27988
69739
59983
95177
35785
81444
34116
6606
2589
3559
8624
95938
85260
66333
42800
92448
39767
87796
47430
50126
38809
4228
15336
63188
19714
25236
36270
8338
66021
16206
47014
83354
24640
10840
87815
22552
32508
17888
49980
66584
17426
40772
85078
8489
87440
75874
3129
41495
22037
94587
75639
30429
10155
38425
12405
37811
29172
14960
19386
22967
36503
28758
80675
78629
27180
65167
90809
58014
62999
25232
96632
64994
17149
63219
7651
32967
40094
67899
3978
62373
18844
23602
26263
73569
82002
89549
68855
59654
81131
14861
64062
40783
34168
20702
53653
93784
77473
53729
92225
22117
54160
72880
17807
30175
83466
9416
56278
17804
242
28839
91624
22258
10661
74949
2239
66620
11753
98797
61882
44568
29024
87067
10347
34403
54888
48625
50942
93612
44222
32471
75334
33791
25344
83927
32773
63342
6478
79193
27990
75540
60031
71347
31467
61358
22363
58968
90096
12887
21252
11270
61182
94160
37694
66529
77688
19843
40135
89471
91298
40004
64722
9573
76962
16006
5854
8763
31538
40159
26438
66694
28528
60921
29057
78435
73135
16844
65015
71099
59466
69876
2737
74674
38651
80769
19996
68061
55044
50309
9769
86058
97508
93855
878
98167
66
82593
86092
68306
30269
49267
19280
69646
33411
93008
3909
82223
43023
60094
30669
710
10544
1090
87487
52991
99398
28686
23374
71660
39325
20416
79410
44191
22286
23122
25578
80905
79662
11661
94257
13230
60658
14086
15215
27724
87228
31098
63957
84103
71524
88400
88740
69349
73552
40594
20914
75073
93352
44418
70262
8334
6272
12072
43915
17521
55322
19332
95930
73839
88640
7108
33389
74412
3678
41785
8509
27517
8561
68411
43065
79398
28732
9149
8423
49244
96940
13395
46477
31364
61950
83325
99920
80006
59149
38400
70192
38899
83627
20481
2062
32848
10319
69914
14243
16255
91187
48323
3231
50130
28993
95556
1815
41693
62059
6292
81237
39507
24687
23575
32334
19034
4455
63444
65133
27249
979
75218
43525
50486
6837
49102
88209
99911
86161
132
70947
5133
78130
64112
78987
645
29402
23496
98657
62295
38472
16797
58596
38467
53798
6503
73642
56953
90423
66249
18028
75656
74519
5288
70333
72055
80496
83759
94646
62723
69240
78328
47726
19851
2429
50211
37666
8254
42200
28451
8270
38456
49555
19187
4723
77162
36036
36506
50754
61121
49644
27551
63969
98060
51895
1640
23843
83490
9581
1305
10112
83994
37982
19396
83195
28039
89570
81614
69714
64615
36671
15285
15767
41117
93418
67204
33908
77773
56552
96222
45532
57588
68510
39805
38610
85373
18687
89428
39590
92675
1999
83298
86279
48875
6796
58637
27808
52646
92720
6018
27915
71321
29445
25181
87984
25150
60809
95191
96358
55196
90863
30403
85998
30230
61545
73784
93898
66847
99809
10376
48178
7638
83116
36460
7365
49594
30885
58982
32237
42303
49699
5589
29652
8128
45822
38484
96638
73666
22655
78291
46049
19598
96018
45357
90627
30453
54899
9334
92246
34493
75468
49399
41522
66779
66634
14882
87835
32723
64746
51200
12143
30912
63006
17008
34141
91710
75127
95197
60535
44346
74587
5845
1993
47874
58411
64165
33997
99333
79541
86537
85034
12120
20355
12973
91334
19164
63825
15495
19665
91786
86889
19986
55714
87456
19633
60755
31159
28525
35151
93593
59054
47459
95113
14802
18266
81654
48440
6074
70471
77150
42607
67354
26138
64998
3833
15510
14086
26465
22848
28544
27071
14247
62149
96887
50335
48790
34774
379
98973
16097
97254
9483
55331
14727
40006
11483
94364
85772
43420
40482
13872
82320
55579
75289
45145
57963
89729
99812
11626
43485
86059
52008
86667
54031
82645
53668
51426
66140
98142
61121
87646
70307
44170
79107
8370
35648
36993
2426
23031
3113
43581
53339
43031
60052
48669
6153
63410
27393
30447
68768
16559
97742
92738
9463
56480
79814
95508
94721
12355
84278
60932
28033
93816
21031
20154
92126
15231
97843
95266
75891
50736
15777
14459
90849
17193
30407
60568
41744
43709
45562
41770
41539
32177
83934
57509
41822
48092
3281
28670
46409
84375
83877
95297
8257
12072
67685
4997
39519
42312
25765
3701
76632
14734
23129
39024
56158
59810
86586
18491
18497
14744
5754
36923
87888
96578
56441
89341
78041
62869
68323
39480
91071
59894
18536
54574
30481
24912
22995
30857
19313
81974
46711
70657
81114
20518
29649
9681
34240
19804
30958
36261
23288
48411
83255
17286
64117
68767
48617
62227
96276
55848
85845
79099
59020
51694
8443
82483
63179
93253
68383
86656
40554
91224
4024
5530
32301
55333
12227
21569
99132
64293
16869
47919
800
45341
85726
38651
26602
13376
26813
3860
54517
41939
54319
33162
45661
79988
5832
17960
59926
8264
27480
65105
94491
34386
78581
23366
8318
84430
85302
2857
89450
79743
92497
31215
80194
87490
71546
96265
33879
24510
26024
88405
12781
72388
19306
44602
46492
44442
69481
36258
29696
89093
76774
38905
8432
48690
51056
76782
66736
34997
12183
21895
70371
75923
43612
26986
90338
25403
91001
96891
10562
2247
1994
8590
21131
29966
75331
33316
43000
49576
82547
21050
41756
41928
3555
28162
1612
98815
8658
17632
54610
55641
32586
60815
41150
87793
59496
50337
14823
31680
51197
60106
39896
25881
97409
81501
41587
86725
33228
41914
21191
83546
3965
1507
53736
20142
64605
50715
60328
31543
51486
45701
41956
2776
16535
53071
22531
36871
7727
38867
49653
38520
65831
32122
49828
56046
43165
38005
30682
34812
85152
54867
62872
72305
34984
83297
53402
18913
3596
79018
75121
63889
28237
27898
72386
33333
55064
34987
90996
49509
57521
47134
41736
79305
26554
12554
44752
87236
89417
76119
88250
42269
14769
65757
38271
65713
13158
85282
58610
35114
74138
45272
62466
53688
33455
86655
28522
67748
4280
48201
55118
58764
28594
83540
65012
9493
76021
18470
90501
40501
43189
71960
15385
96614
97171
47844
59399
7631
80678
17154
8653
13430
98399
6876
62691
38224
79465
68513
73178
33324
23517
75625
77945
944
88327
5175
10815
83316
46032
95435
64184
90061
19678
93167
81070
48716
78466
22517
7200
37131
66443
52493
50335
71374
15954
66426
54950
4590
99978
77562
977
62012
57466
51292
54057
11190
69346
55563
57602
44718
81744
31778
46833
12401
75103
98247
26376
63884
50841
42041
26079
38857
26478
21618
9283
7792
31495
44059
61674
27046
80717
88456
81797
1645
75108
86509
93156
2392
25382
23933
52287
38095
8116
42231
96156
81454
47635
66023
79847
11418
67867
74104
68975
27668
51475
38718
70
78920
91740
45621
90825
59356
50207
65551
89397
99086
37684
46171
34157
72372
48838
53765
19143
37702
32099
73062
51497
56763
68041
77730
58654
90110
76591
72915
4336
73877
68891
82949
36944
59296
59118
38708
22012
27732
37166
81740
98654
88506
11929
63692
63293
13158
18446
13892
32194
91517
28269
80293
9106
53430
74549
37870
29796
24028
57203
16375
40618
24875
94722
4965
86679
5743
39413
18683
64620
14645
76580
68865
3091
61209
22200
65459
13188
59709
9296
1280
65729
28128
37940
76412
50517
19113
92744
74837
35094
13809
1748
92871
54425
48883
67727
10629
94658
86815
43339
74304
18853
54068
71932
94389
14993
37080
15354
24491
71252
76938
10435
15878
72330
13741
92406
61768
60123
59664
75032
74738
17043
7346
85065
20026
17243
48352
68586
69957
3319
86281
64031
88727
31183
51717
7849
48429
54807
6825
23247
13458
93317
34832
75043
98492
46691
39131
6541
10204
83949
36630
61453
60649
99503
67101
29203
5324
94572
81384
2417
92514
29591
78852
25774
12182
75184
73214
60118
26591
50554
72186
29981
55965
60614
30704
25388
18269
46373
78865
3386
8916
40349
71854
38832
13614
50002
8390
94694
33760
91510
37951
43807
30662
60195
29945
39466
54887
25601
83756
58114
99093
82651
91576
13390
32570
29389
20105
32979
85901
27618
64037
2471
3041
70969
65652
87069
81998
36827
84272
58403
66700
61703
11318
21982
37339
56275
15695
78935
66394
83428
8161
99301
23906
3450
12365
19030
73767
30287
96176
91901
30220
39892
92371
89714
16749
40439
47350
83503
74637
563
52843
48615
97322
47287
55807
42340
28209
84441
85482
84823
14806
77890
66799
1944
59844
9594
48028
72550
11596
17162
95150
18477
75618
4544
57975
5272
30394
98824
46295
83051
44519
68935
31500
78100
22908
89820
36989
90332
75232
60830
41002
15753
19421
69858
88666
48129
10782
1562
38022
40289
15357
99556
12825
64288
50587
70200
17480
30758
13449
93567
54114
91442
70470
41131
34557
92914
8080
86136
14708
63805
57379
97026
62596
7096
23070
70120
83303
50560
14344
94813
77621
37410
95491
85319
98497
97901
85419
45130
9094
93363
34343
77698
61902
39417
26518
69265
84331
63210
50878
38949
77610
66872
55410
66954
62884
60194
79435
79697
38145
7969
1008
17955
50193
98696
27683
10793
70957
46753
99514
91258
20317
91318
14769
73705
30977
52578
91871
21576
88735
37812
68601
30602
23082
86207
38503
67555
98010
57009
21498
56877
99837
15465
45812
58736
81743
7374
37474
18131
11384
3420
1880
38045
23824
76069
43883
5499
52232
18192
37788
78031
90343
32491
33277
23349
25664
12444
18282
20039
47073
82309
26592
44625
72789
2667
94683
45883
48323
81126
92133
37606
53371
82840
18715
48699
33404
47259
31338
1307
42694
43470
97858
24051
90481
47695
64598
5685
66711
79846
46331
86954
54604
21238
44385
45981
92815
74313
523
3555
65715
23809
52425
16380
59917
18373
28920
54113
35453
24650
71521
13366
97626
1992
7188
90958
34392
70452
93793
21917
79054
39078
34548
77171
49324
95823
24873
44227
44395
40443
49500
32617
36293
39262
66516
65355
90651
95654
33447
25394
321
37634
34924
46346
4024
18917
16305
4088
88438
15170
80380
10204
31658
60253
40701
82528
46423
54659
27919
16481
99044
72284
65287
85755
57386
49100
3132
41766
49088
12430
16886
15026
92170
53217
26232
31130
86025
52644
17839
86640
33588
15161
93397
92086
7066
3518
39265
28884
10493
97479
92890
47492
11541
66365
25825
69561
19774
82032
64203
17193
40954
52581
90046
24060
43864
40573
1483
5747
29414
58393
74964
50632
63445
97730
96671
63371
4555
65159
56252
63355
35591
61534
34326
12858
72580
59006
62951
35405
66095
3346
8376
52979
74484
49189
71420
95319
41164
41586
95893
63516
24251
61519
99282
32769
65248
52458
62808
36645
95532
59959
98110
36870
29840
54394
89176
88728
9783
93843
91250
56045
77025
19018
87857
21094
97380
21988
18586
79511
26682
28378
19607
71207
89984
30442
72585
68393
73116
12485
74100
32941
32764
70376
33011
68623
79738
70768
65206
51792
33318
1321
69158
1756
98060
11243
11646
56577
68483
36431
90781
82678
54248
68685
40008
93810
36460
54420
60557
8989
70502
41018
48821
60572
52497
43618
44533
57970
58571
41580
13367
73785
68591
50736
28084
43108
80819
5357
18078
60721
67900
25245
87632
47973
89336
61196
26101
12967
84900
14549
59912
44486
17506
96463
13042
25651
62734
62196
77753
85262
71149
73282
98843
46994
30793
67101
94336
42128
64196
61040
96448
67440
50815
42597
35695
66157
86155
52820
88885
35127
85887
88712
92920
13137
98788
39225
2568
76915
20975
70677
92013
90271
74847
88975
43933
92903
57266
12876
36382
4400
10486
60016
51815
65256
21185
46711
29545
10073
67230
22025
20629
70968
31082
65303
1487
87716
80537
35779
68467
90084
8080
6259
75566
32748
22349
50367
25946
68028
89002
97084
84590
16634
30549
75178
80959
72705
26787
97993
54543
5815
53680
76705
19152
98131
84263
58577
99994
36650
80360
14257
61341
509
17678
59143
7874
34105
14505
41603
70079
15932
10853
59411
72793
16983
22746
45517
40016
60668
41735
78679
47327
64324
61054
93420
60832
18369
36199
75825
74332
39932
40151
4762
45923
44033
20393
38879
75242
84045
35607
69729
77809
60167
37069
62405
9570
64802
70905
95192
51363
46206
92220
93514
10940
59488
37856
98911
66416
82650
25815
85572
25423
71094
91847
87175
92093
27385
55569
49622
78882
22517
5244
92897
68533
60426
28976
59311
15911
64562
23206
6859
92315
52991
68280
93097
10934
67633
43818
20973
95573
50623
38423
93265
26330
60738
45003
35196
87488
38891
2181
9493
82566
96706
44540
28989
40500
36845
59981
14852
57226
42159
60897
30258
62170
95019
81271
65815
93936
52261
80001
79349
66521
68034
34403
8977
21499
26777
67189
43446
80078
17244
34986
23933
63363
33598
34558
75613
90064
97805
75654
87113
1658
18978
71329
62794
78580
95083
21706
98034
41414
46740
19613
31172
88993
6147
56888
96348
68635
20122
93148
10769
6894
75777
56965
88360
11405
95071
45046
55752
96989
97673
73264
48084
61186
52603
27165
31922
85684
8275
9012
95039
79715
72724
62600
62170
98884
96973
78761
18897
31783
21806
21498
15019
23910
37530
95487
70746
39116
94063
93517
32867
4168
11875
73126
30332
59215
55877
58675
72824
15105
27445
57610
18883
81649
86276
35894
33422
20946
84374
83100
67620
89380
98034
44948
38199
80234
1483
3059
18881
20061
3500
80921
22357
21195
42619
90767
91025
78954
18217
29262
26533
11314
90663
11805
60955
41526
41377
93408
20146
67400
65255
26596
60987
54923
50045
63294
40929
8702
55815
3177
6724
9391
19978
32099
97202
44108
68629
56222
70812
80219
35427
78762
91301
24013
61985
20492
92489
43826
49316
578
59918
930
52304
58250
1110
56583
21954
88169
94077
94396
13037
99271
26015
93759
68722
19151
90740
44985
7402
40118
78226
32695
58229
39795
48586
44596
13684
2294
7187
61158
63595
96277
76657
18977
75964
30351
33229
47962
76363
54420
64722
72859
79333
52491
75754
38938
82181
54774
2819
13475
91716
76328
6901
90585
63459
60909
77349
19110
50211
10575
98533
66525
43822
65918
48530
50079
1692
57581
74151
83823
60190
76882
64345
19905
87083
13734
95591
9073
60936
99251
7719
32652
65000
26339
29967
26168
62959
33286
22616
14607
15792
76904
95437
93249
8933
26415
48189
33897
95150
66080
33773
40910
11494
53391
63504
62124
7497
7267
39866
8421
8658
41340
84643
42784
53392
53116
97714
23202
12661
91583
12474
52365
53172
25324
58868
99372
3206
59426
78212
93769
30570
3482
42891
37300
69655
46923
68812
90778
40410
74028
43415
70379
77450
37587
327
48147
22170
98740
50535
71101
89802
46759
8676
63860
12147
57624
10674
36392
75243
3789
87542
5433
52777
46489
79208
37905
15714
10865
84047
86798
95592
65618
89590
472
68798
17332
28136
99535
17000
96418
41714
77417
9429
87531
24898
11175
61451
26426
63473
8706
45261
62622
45600
83339
99170
98617
71362
63255
28944
41726
64469
14755
90924
27321
82246
16427
86485
36376
62633
84549
25785
92239
93644
71779
69621
98781
50723
5240
73482
46039
1027
16503
13949
47521
30652
23781
77726
4504
2590
13293
51749
44698
53184
58684
61015
15844
96426
13234
51383
27267
84764
25848
86858
22886
39461
48743
23150
91214
20443
75112
54245
28451
14942
24586
28071
6282
49454
52816
61543
12717
90460
79981
42289
6708
96363
58025
37947
93007
77221
87551
8505
84123
94605
58275
70541
1477
42530
20932
17236
43867
2134
83269
37644
12512
76345
6823
85754
585
36931
25730
50097
46408
71392
54610
62582
90610
86904
64395
99018
92534
13122
30238
48728
41468
42372
93036
97805
44604
62222
76983
70270
36955
24611
94517
77687
27277
52794
21598
88584
39607
71584
62588
34436
41509
61089
17774
49233
7048
75989
11194
92432
8435
76769
58313
67678
22052
2417
23408
54894
49874
76323
88761
29761
65168
64326
98192
12865
50248
40600
32191
10819
45880
45217
51183
50930
78607
15242
16653
64693
63646
28829
38915
68405
40707
36841
92910
52453
73522
38992
2482
78844
46716
9788
86352
8532
57133
28438
38358
64623
24092
38697
87890
90513
67094
30563
90677
50111
22365
93661
16216
48208
22518
6702
84135
45241
17960
26143
16039
36119
88815
20123
86500
24653
4160
407
89754
53366
18887
42403
37024
46583
55722
772
41016
83771
89438
82382
29628
42608
45026
94443
12146
18548
10208
20495
59916
13156
47031
90108
51650
4474
39256
59295
77932
56496
12888
70963
64110
80865
17974
50418
90112
27006
12305
26918
89328
49183
38467
16587
92205
7930
41322
79968
81678
37286
42333
56141
97658
92329
12411
45804
8674
15321
30583
12516
96936
2247
35659
30853
54286
54404
20706
95963
98342
18067
41272
61008
95349
55763
80313
34309
12332
98801
49448
1146
59715
83623
44155
33347
13433
97781
44810
59492
83952
20007
16447
80027
98158
6277
57660
7600
76667
83465
91081
7833
88513
61321
78147
58168
78417
80677
59894
35604
45969
91565
71767
20778
82848
98902
17984
4774
73290
66679
79818
85556
3184
16459
10166
14576
924
28400
19126
14794
11395
24497
34461
20164
55916
72417
2470
53071
77194
65997
58222
35341
48729
45663
7198
15804
7293
72312
69674
90608
11945
37723
35547
68631
23169
64819
20535
91709
29898
6500
57697
35581
81228
2318
58379
7829
97726
49279
2434
33645
74189
26504
26959
13923
50681
71064
36238
39553
86536
7263
28224
27631
5748
30176
36151
19306
96647
35885
35330
80025
79022
31277
5581
58985
76250
59632
16513
17206
73495
83459
28329
21871
71654
61549
66285
16962
41840
95688
86288
51926
99199
75343
79514
10466
56634
49206
28891
15256
64423
59729
74239
24988
74342
36108
92959
5467
43539
40242
6342
7134
47943
57649
99969
27231
98427
64599
53015
83816
65674
4711
49311
74235
48784
90345
36050
21762
18937
19045
67667
73700
31369
5689
6028
35410
67679
38513
78853
71822
96492
26003
1191
52623
59703
21455
74981
32604
95039
75085
27564
67952
51109
93124
69955
53999
97611
40214
26718
57138
11938
72496
60138
59020
11199
95711
81968
55079
50101
8913
43799
70659
59779
99224
36512
43218
65758
75510
92244
44960
28148
79174
51541
83488
65359
44437
23119
34808
39966
59156
30011
1539
64515
92901
48732
29664
88970
98785
27801
38748
26765
85752
74240
23180
4624
21749
7299
24458
13280
61685
97533
78226
16218
67251
74208
2048
88089
29479
46808
51115
53535
75088
69239
63792
94977
57435
14748
66670
2603
8936
65988
4801
95587
61841
92258
88383
65556
33430
78751
41064
13226
82957
30934
13026
26207
78434
52934
91494