4870
2492
2402
3029
4928
3168
4345
4677
2507
2492
3970
4778
4663
4012
4675
4739
3962
1569
3323
2858
3003
4258
2703
3268
3064
4478
3752
2068
4639
3924
3554
1465
2922
1017
1163
4592
3485
1428
4479
2787
1993
4948
1722
3055
3055
2303
1917
4726
3673
2289
2378
3062
4723
4355
1054
4312
4879
4504
3645
3777
3595
4341
1449
2641
2202
1990
4814
1755
1071
4259
3859
4281
3187
4536
4550
2918
3814
4257
4801
2066
3988
4690
3438
4032
1845
2541
4158
3583
1123
2447
3827
2005
2662
3242
1716
3728
4092
1261
4859
3025
1323
4323
4888
3927
2887
3504
2728
2990
2943
2562
2501
4492
3871
2300
3880
4975
3167
2631
1850
1865
4450
2087
1286
2578
2144
2052
3974
4734
2299
1418
1431
1673
1666
4926
2223
4202
4891
1636
2360
4665
3622
1840
4364
3289
4684
4678
3701
2527
2570
1934
3978
2219
2644
1905
1254
2443
1579
1017
2173
4057
1803
2645
1567
2909
3553
4220
2282
1775
2879
1861
1564
2172
2289
2558
4340
1792
3464
2407
1285
1903
1372
2194
3141
1770
4334
3300
1094
4774
2556
2696
4625
4524
1905
2004
4687
2243
2748
3335
2105
1259
1449
3740
1284
1894
2026
1867
3271
1510
2176
3112
1148
2998
1303
2143
2384
2536
3540
3684
2603
1764
1707
4005
2885
4445
4480
4990
2817
1463
4165
3913
3940
4246
2498
1142
3887
4004
1349
1287
1395
3003
1271
1051
1502
4147
2957
2790
3781
2251
2774
4701
1687
1888
1310
1613
4694
2893
4636
1333
1274
3727
4120
1548
3300
4521
3534
4154
2303
3995
2341
2810
2696
4255
4835
3377
3744
3773
1265
1770
2930
4813
4641
4947
1028
1734
4142
4007
1132
4799
4573
4931
1583
2503
1085
2951
3160
4404
4074
1701
1534
4644
1592
3301
3643
3443
3119
1042
3777
3950
1431
4141
4740
1229
2195
3842
4379
1502
2074
3139
3146
1699
3653
3636
1951
2810
3407
1424
1816
3101
1857
4826
4465
2304
4762
3808
2596
2014
2202
3823
4515
3460
4083
2132
2752
4146
1970
2696
2615
2463
1851
2181
2116
1834
1834
1617
4518
4120
4470
3787
1549
4640
3194
4230
4825
1722
2094
4659
1012
2335
3351
2821
2485
4148
1722
1040
1641
1566
1429
4157
3252
1370
2562
2372
1490
2230
2367
2703
2089
4272
2874
2507
2182
1312
3524
2981
4235
4956
3316
1931
2919
3290
2917
4661
3638
2259
1869
4978
1406
2234
4796
4451
4969
2566
4967
3241
1520
4094
3583
2225
2939
3460
4874
3836
2248
2731
1933
2979
2901
1260
2359
2126
1002
4303
3475
2329
3543
4365
2231
4148
3290
2019
3399
4348
1416
3466
4223
4001
4324
2736
2766
2774
2088
2722
2388
1531
3909
2857
2501
2947
4624
1079
3910
3953
4900
4223
4597
1448
1892
3679
4331
4738
3238
1509
3979
4916
4926
4801
4665
4344
4867
2406
3717
2934
1940
3515
3927
3126
4436
4109
2176
4925
2162
4855
2972
4922
2500
4380
3592
3448
4942
4010
4257
3307
2677
4378
2501
1360
3942
3872
3261
1675
4141
4607
1495
1969
4913
1919
4869
4200
1311
2796
2259
2353
3952
3602
1662
1881
1474
3272
1796
1405
1295
4787
3456
1191
1251
2215
1268
2757
1240
2461
2199
1826
2962
3721
1553
4522
4439
4719
4326
2463
2533
4890
3323
4156
4080
1077
1287
2876
4618
1642
1799
3059
1539
3579
4690
2601
4094
4275
4766
1580
2283
4860
1734
4567
1739
3287
3784
2074
3019
2122
1972
2343
2401
4287
3228
2286
2901
2009
3928
2631
1468
3829
4219
2909
2846
4109
3556
2411
2128
2091
4920
3007
3730
3527
3753
4766
3801
3495
4635
4334
3177
4947
1638
2701
3095
1715
3541
3629
1634
2804
1104
2841
3315
2969
2441
2927
4382
2925
3314
1162
1030
3298
2899
1432
4012
1064
4719
1486
3694
2865
4440
3640
4931
4546
2753
1427
3220
2283
1242
2029
3630
3517
3984
1144
4854
1091
3616
1094
4602
4742
3783
3473
4520
4985
3955
1298
3926
2524
3109
2367
2820
4846
1662
2603
3241
2901
2626
1191
4730
3500
4810
3545
2528
4626
3239
1433
4597
2377
3777
3302
3531
3663
3319
4813
2871
1272
4252
2583
3100
2085
3799
3358
2301
4086
2165
1319
2521
4031
2618
4822
1427
1054
1407
1800
1186
3323
3096
3740
1364
3834
4836
2043
4183
1755
4665
4494
2491
2227
2026
3313
2356
2876
4028
4798
3788
4834
1269
2972
2133
2685
4645
4423
4577
1016
1797
2401
4433
3763
1849
3216
1832
1310
1822
1249
4281
4496
4212
2878
3009
1324
4172
1952
2317
1947
1921
1048
4594
1741
4084
3828
1516
3484
1372
1967
2885
4822
2328
1573
2797
4239
1855
4153
3233
4641
1210
3445
3274
1644
4506
3134
3810
2806
2257
4061
2631
1881
2873
4930
4118
2346
2464
4655
4826
3479
3123
2262
1687
4680
4360
4291
1591
3730
3801
3852
2122
2674
4238
2844
4734
1847
2394
3855
2880
3541
4726
1269
3775
1029
1146
3151
2774
4124
1907
2204
2248
1104
2805
3527
1758
1075
4571
4231
4754
2714
4787
1533
4685
3647
3069
4350
3932
3865
2896
2638
3232
4763
1374
1103
1553
1272
1087
4585
3253
1749
3989
2618
2239
2673
2435
1343
1139
4702
2162
3806
1605
1094
1776
1213
4403
1955
1857
1277
2271
1455
1129
1268
4415
2852
3890
3027
4650
3968
4964
2880
4247
2898
4056
2660
2583
4376
4930
1844
4224
4516
1539
1939
4931
4979
1256
1905
3053
4369
1642
2531
4891
2727
2045
2580
1005
2100
3630
3546
3124
2582
3599
1391
4443
2456
1850
4490
3475
1681
1974
4220
4064
2467
1856
3355
3150
3067
4101
1666
3801
1470
3085
1791
1971
3771
4814
4544
3764
1970
1461
1962
3632
4361
4510
4865
2893
2662
3207
1808
2941
3761
2589
3053
1265
1626
1298
3362
3904
1410
3638
4395
4831
3646
4410
2735
3657
1327
4490
3891
1635
3977
2851
1945
3761
1191
2681
1976
4007
4733
3844
4094
1239
2680
2835
2692
1205
1525
1559
4297
4913
2632
2459
3201
4404
3547
2986
4130
4266
4802
3034
1846
3461
3806
1492
3818
2852
1023
3781
1026
3418
2691
1643
1884
2929
1649
2112
1508
4904
3324
1627
3013
2875
3601
3217
4250
2934
3567
2959
4541
4922
3010
2623
2241
3128
2348
1077
4155
1541
1505
1839
2432
4478
1629
3119
2667
4159
1211
2943
3088
4893
1701
1826
1843
3164
2840
1153
4102
4942
1725
4177
2031
4430
3794
1601
1965
2606
4169
1807
2728
4021
3641
1796
4441
3939
3917
3942
4452
1569
4618
3088
4191
3447
1058
2980
1262
4454
2087
3013
1662
3786
3011
2339
3028
2349
2827
1515
1806
1749
1954
1823
4248
2375
1188
3433
3646
2832
1810
1524
4760
3570
2405
1913
3051
2064
4749
4119
1759
2114
1451
3240
2570
3296
4132
4695
2186
4834
1697
4866
1720
1219
3878
3964
4402
2535
2125
4893
2954
1450
2264
4507
4323
4597
1808
1654
3948
3871
3300
2457
3982
4032
1574
1937
4373
1238
3965
1369
3892
2998
4356
2933
1438
4050
4367
3386
2596
3277
2902
3846
1957
4736
1802
3036
4882
2347
4663
2059
3705
4758
3715
1257
1482
1380
4505
4697
1532
3945
4383
2243
2353
3635
3046
2853
3587
4330
4874
3762
3555
2509
2996
3872
1163
3219
4112
2452
3729
2186
4371
3169
4032
3008
3495
2693
3210
3337
4088
3665
4037
3976
2671
4686
2417
4323
2991
4928
4204
4815
1387
2252
1807
2753
3687
1271
3179
2026
4438
1624
3288
1901
4366
3099
3382
4756
1091
1002
4699
4395
3459
2254
3453
3371
4987
4740
2758
3583
3228
2268
4468
2505
1607
2258
4110
2664
4610
1777
1827
1989
4812
3890
3535
2284
1672
2086
4362
2039
4058
1342
3662
1752
4683
3372
2938
3621
1481
4066
2635
1382
3876
2478
3225
2268
4564
3890
4672
3894
1349
4682
1494
3398
3315
2111
1268
3391
1559
1539
2598
3591
2343
1475
3924
2440
3822
3314
4878
2707
3025
3383
2567
4381
1087
1043
2768
4282
2314
1031
2301
4871
1054
2650
2434
4391
1646
3383
1197
4512
1430
1282
4960
4902
3667
1178
2226
4202
4305
3570
4591
4623
2923
4020
3593
1638
3167
4516
3206
3164
4735
1462
1978
4871
1512
1267
2987
4655
4649
1645
2774
3682
2408
2197
2086
4074
3991
3056
3656
3958
3759
3196
2221
2296
3798
2595
1903
3212
3748
1165
3435
4296
4980
1105
4716
3435
3197
1193
2281
1249
1282
2406
3769
1002
2480
1734
1720
1506
1027
4712
3368
3077
3005
2379
1095
4223
1281
4642
2210
3968
3651
3706
1050
3200
3563
3771
1615
3558
4426
3599
2742
4050
4290
2236
2547
4018
4589
1298
1292
1796
3303
2290
4011
2887
4303
1269
4474
1050
2191
4312
4102
1246
1862
3436
1955
3552
2525
3227
3073
4424
2184
4070
2072
1327
4658
4536
1473
3061
2834
2521
2545
4501
4754
3061
3805
2362
2460
2525
1834
4019
1891
2570
2651
1028
3854
3908
1375
4216
1683
1979
2284
4535
1034
4595
3903
4708
3534
2803
3753
2032
2306
2148
4727
4330
2434
1165
2426
4187
2003
3239
4249
4576
2652
4793
2922
1540
2554
1632
2782
4500
4045
1125
1783
2958
1138
1866
3536
3481
2363
4369
1003
4326
2858
4586
4953
1794
2388
3874
3262
4591
3604
2135
3708
1097
2303
3292
1787
2581
3970
2855
4827
1305
1963
3804
3881
1120
4672
2097
4289
4030
4139
2711
3738
4967
3545
4903
1631
2732
4943
2450
2254
2178
1773
4617
2355
4014
1019
1101
4766
2043
1335
1240
4531
3876
1138
3769
1975
4003
1686
4339
4600
4589
4222
1462
4824
4989
3571
1174
4160
2976
1000
4838
3169
3274
2020
3098
1488
2284
4131
4785
4498
4095
4637
2357
2105
3007
1175
4420
3810
1178
3676
4455
2348
4714
3264
2144
3291
1672
1030
2912
2401
4995
4271
2597
3686
1675
4038
1091
1116
2552
1957
4376
3584
2312
3803
3054
1991
3973
3169
3545
1134
3684
4377
1156
4113
4675
2379
2215
1611
3085
3425
4610
2678
1747
2347
1727
4314
1163
1872
1249
4930
1204
1713
4649
4725
1052
3387
3679
2404
3844
4881
4552
1290
1183
4021
1822
2673
1370
4976
4813
3098
3632
1975
4264
4375
4879
1349
2287
4540
4009
3940
3601
4172
2051
2264
3058
2245
2567
2745
3646
1317
4016
2820
4023
3539
4058
2328
1502
4775
4690
4257
2304
4288
4705
2995
1797
1497
3024
2932
3963
2896
4489
4723
3517
3428
3161
3635
1442
4757
3749
1436
2740
4364
4263
2068
4828
3663
4290
1453
1807
2819
1992
2223
2188
1192
3317
2736
1356
4621
1488
3948
4034
2655
4198
2719
4314
4664
4256
3280
2729
2990
2563
4827
1255
3575
3724
4286
3090
2295
3684
2682
2278
4656
2002
4595
3550
2483
4211
4207
1362
1861
2370
3304
1767
1153
2335
4119
2375
3724
4203
3423
3689
1843
4552
2729
1501
2549
2759
4032
2896
4860
4860
1324
4210
1252
3814
2948
2511
4910
2445
1485
1011
2595
2882
1672
4535
4887
3184
1938
3987
1423
2982
3532
1651
4309
4871
4930
3130
1777
4463
4078
4536
4182
1254
2366
2557
3990
1323
1159
3356
3018
4528
4587
4414
3205
1612
1412
3442
2754
3027
2766
1795
2224
4482
3721
3775
3111
2091
3139
1831
1264
3046
4144
3277
4001
1625
2402
1535
1381
1823
1280
4934
4862
2580
4454
2945
1164
2312
4922
4906
4521
4869
4276
2942
3131
4895
3480
2344
2590
4165
3569
3665
4092
3509
1938
3128
1845
1248
4431
3503
2555
4947
4580
3598
1186
2259
1356
2941
3904
1229
3424
1197
4257
2229
3282
4218
2684
2223
1249
2138
3822
1583
2029
4152
3229
2309
4238
1902
1707
4305
2144
4006
4240
4443
3666
4353
4111
3637
1920
3035
2885
3214
4005
3763
2783
2209
4550
3844
2035
4638
1525
3697
4855
1809
1146
3577
1571
1095
4356
3874
1200
2915
4460
4574
4692
3306
3922
2009
4750
3602
1833
3331
1000
4956
2261
4106
2290
2029
2672
1539
4693
1925
3766
1937
1042
2187
3050
2598
2347
4201
2796
4502
2251
3937
3888
2454
1987
4583
2888
1598
4086
1127
3686
3814
3677
1977
3992
3896
1259
1632
4871
3372
4348
2076
2696
4395
1663
2174
4278
4139
3970
3548
3748
2412
2424
2326
1813
3073
1636
2549
2827
4566
1454
2488
2094
3300
3388
3827
3428
3283
1682
1445
4724
2676
2092
4062
2500
1616
4146
1593
2948
2389
2573
1009
4055
3854
3279
4006
3344
3513
3078
2716
4343
4346
1449
3160
3581
1364
3289
1757
4255
1813
3256
3042
4283
1486
1655
1128
4684
2184
3824
4024
4945
4969
4368
2817
1698
4715
3091
2400
1852
1448
4278
1597
1655
2099
4907
4946
2299
1835
1423
2670
2905
2301
4441
4105
3136
2836
1484
4316
4171
4172
2339
4552
3133
4419
4884
4670
1787
4086
3894
4144
2431
1800
3864
2515
2549
3426
1601
3681
3505
3480
4194
3301
3152
3019
4066
2954
3733
3871
1148
4068
4261
3615
1537
3532
2906
4906
3229
4871
2287
2950
2082
2816
1898
4138
3113
4187
2264
4671
2996
4661
1044
4219
4611
4058
3349
1807
2358
1543
3173
4140
4676
1020
3500
1115
4965
1089
3792
4770
1166
3418
2160
2208
3072
4891
3798
3569
3340
2952
2067
2368
2551
1427
2206
1891
2918
2956
3476
4102
4547
4295
3321
3469
3132
1398
1170
3584
3735
3878
4699
2346
3553
2175
3813
3437
4234
2749
2212
3322
4810
1888
3017
2812
4326
1331
1245
1255
2820
1466
3093
3876
3849
3579
2508
1729
1043
2534
2682
1680
3037
4096
4390
1503
3028
4797
3616
1066
3505
4617
4359
3414
4287
4429
3817
2884
2703
3740
1628
1292
3699
3700
1793
1450
2102
2152
2796
4115
3888
1949
2562
1849
3031
4654
1501
2928
3553
1592
3113
4124
4320
3952
4820
3337
4782
3501
4478
4129
2933
4337
4153
3375
1041
1260
1857
3875
3729
2776
2260
1867
4997
2791
4109
1016
1049
2671
1725
2606
4912
2690
2489
4189
4226
1582
2062
2352
1399
4200
3349
2736
3363
2868
2052
4305
1829
2483
2279
1311
1592
4760
3597
2468
4862
2264
2785
1601
3612
1088
1707
4248
1094
4013
2269
3095
2192
4669
4585
3356
1544
3118
2244
4624
1361
3671
4607
1006
1703
3169
4411
4170
2941
3562
4365
3468
1028
2169
1867
4385
3915
1619
3395
4776
1988
2544
4141
4672
2914
1582
1358
3286
2981
1132
4969
1115
2639
4071
4689
1512
3631
4363
4964
3681
4132
3968
2424
4721
1116
3962
1948
4707
3269
3716
3448
3928
3088
2201
2627
3371
4963
4838
3069
4402
3584
4568
3976
3901
3049
4501
3711
2458
4230
3272
3868
4909
3506
4803
3598
1012
3909
2965
4079
4570
4428
3240
3586
3316
3584
3927
1406
1923
4878
1013
2219
1893
1039
3335
1524
3509
1658
2835
3824
1450
4478
1782
2724
2208
2442
2410
4263
3882
4608
1993
1912
3486
2711
4622
4355
1017
4126
2576
1465
4772
1432
3402
1144
4251
3679
3000
2141
3692
4006
4944
4819
2680
4228
2517
2042
4772
2905
4215
1292
4666
4710
2463
4191
1792
2371
1829
4186
4701
1582
1115
2157
3786
2686
3357
1619
4761
2096
3686
1260
3599
4022
2203
4585
1180
1911
4492
1082
2759
2462
4659
4632
4864
4343
2487
2614
2771
4330
3126
2597
1170
2113
3567
4402
1279
3507
2270
3038
2078
3301
3370
2828
4692
3443
1526
2409
3166
2028
3197
2861
4707
1547
3441
3968
3601
2664
4539
1210
4594
2303
1816
1584
3899
1195
4635
1260
1737
2879
3990
4342
1726
1409
4011
4491
4740
2902
2784
3374
2005
2806
1757
1257
1854
3653
2087
4790
3848
1170
1552
1893
4288
4339
1432
4707
3694
2680
3156
1649
2690
4013
2078
4871
2763
4193
1569
1113
4699
2374
2302
1288
4633
1903
1384
1448
3773
2308
3994
1772
3489
4585
4802
2489
4216
3584
4889
3464
4151
3110
1427
3329
4477
4873
1089
4747
4363
1769
2201
4808
2279
4167
3570
3428
1906
2908
1378
2957
4992
4935
2581
3861
4924
1478
1893
4789
1172
3772
1157
3740
1627
3347
3356
2055
4911
3932
2294
2064
3813
1256
2890
3864
2181
3435
4694
2388
2259
4578
4688
1935
2050
4251
1947
1699
4916
3207
4517
2784
2429
2809
1807
2144
1004
4485
1829
1351
1471
3178
3670
2995
1450
2130
3980
3652
1828
1740
2547
3861
3670
1615
3628
3084
1404
2671
1125
3266
1933
2895
1993
2380
3745
1936
2992
1562
3721
4617
3180
1171
4492
4232
2732
2799
3790
1919
2904
4133
4319
2797
1396
2691
4458
1929
3416
3282
3333
2145
3111
3265
3079
4126
4478
1615
2210
1089
2905
2657
3744
4320
2582
4358
2177
1163
2832
3251
1052
2794
3216
1851
2123
3663
3811
2552
1682
3109
3455
3574
4614
1966
1139
1476
3013
3173
4145
3326
1132
1440
1359
2307
1358
1898
4468
3888
1326
2909
4225
2400
2701
3143
3427
1048
1074
1172
1175
1192
1279
4315
4191
2781
1875
3067
3114
1838
4425
4726
2325
4037
4132
2458
4400
3176
4560
2091
1754
1377
2793
4416
1408
1803
3154
1170
2629
2296
1720
2664
4345
3937
1323
4681
4414
2688
3793
4308
1108
3881
3819
1299
4773
4133
3759
2495
3441
3363
3045
4247
1836
3222
4685
4839
2009
4124
4784
3274
2840
1320
3136
2852
2973
4922
2170
2354
3855
3861
3252
1709
4662
4278
1264
2170
1244
4165
4934
4071
3708
1506
3466
2753
4092
2958
3984
4593
3245
2776
1657
2716
3704
3229
1550
1464
1631
1100
1913
2568
2002
4863
2543
1111
1125
3674
1035
3361
1511
1580
3371
2157
2024
2359
4149
3028
4901
3010
4222
2093
1982
2884
1679
2691
1321
1992
1261
2536
1166
4033
2747
2443
3512
3970
3944
4827
2667
1173
1095
1821
1190
2692
4721
1838
3158
4385
1303
1258
2272
2280
3358
4393
1995
1403
2240
2076
2779
3166
3635
1696
4495
2297
3174
2734
3200
1101
4143
1366
1803
1660
2183
4054
1431
3046
4324
3766
4237
4469
3372
2754
2485
3190
4125
3247
2627
3464
3322
4907
2363
2739
2566
3611
4113
4821
4679
3784
4105
1303
3975
1630
3302
1066
1049
4620
2090
1753
2474
4485
4699
4145
1073
4055
1078
3255
2290
4351
4397
4259
4674
3354
2874
4990
2269
1236
4818
3173
4354
1121
3056
3271
4870
1929
1287
1751
2872
3134
4488
3320
4010
1313
2961
2588
3442
2371
1781
3106
4369
2457
3356
4252
3269
1112
2408
4506
1467
2914
2353
4060
3005
4216
3626
1897
1224
1486
1649
3573
4171
1572
2133
1670
1761
3361
4478
4866
2140
1004
4409
1819
1027
1727
3719
2344
3385
1729
2437
2281
1170
2034
4912
1707
3271
2065
1642
3437
3306
2095
3094
3696
1768
2680
2340
3037
4230
4000
3971
2429
2476
3583
2601
4336
4731
2806
2373
2907
3774
4669
2319
4615
4960
1421
2963
3082
2606
2669
2848
2622
4609
3845
4266
4657
3138
2433
3079
3947
4923
1825
4666
1155
3586
4861
3214
1313
4139
1396
3950
3382
1968
1852
2011
1721
3258
4011
3765
3572
2001
4920
1387
4464
1866
4513
4410
4652
3655
1603
2971
3180
1736
2188
2702
2636
2489
2190
1475
3632
1256
1964
3763
1126
4291
2488
4114
3184
2777
4169
2755
3125
2388
1704
3228
2982
2153
4842
1985
3379
3819
4163
1395
4752
4400
2842
3497
1369
1808
2206
2854
1707
3199
3137
1315
2629
4833
3633
4868
4371
2395
2641
1978
4726
3038
4213
4552
4036
2655
1177
4660
2649
2650
3829
2075
3851
2083
1123
3632
1871
1322
4364
1148
1569
2031
3650
3174
4774
4494
1808
2489
1952
1441
2994
4187
2306
4452
1228
3248
2439
3936
4802
4302
1269
4718
4097
2118
4891
3794
1456
2310
4544
3925
3905
4566
1761
4152
2092
4934
1066
1572
3611
4629
3041
2908
3941
4277
1708
3336
2880
2614
3278
1190
3248
3308
1523
2717
1367
3270
4285
2300
2452
1843
1476
2957
1267
3966
1720
3513
1654
3770
2260
3806
3923
4458
2997
2394
1186
4737
3452
1307
4240
1769
2996
3677
3434
4506
2967
2840
1556
4324
4012
1905
1260
1595
3277
2983
1577
3252
4590
2958
4882
2393
2913
1214
2834
4232
4268
4170
3010
4822
3374
4532
1146
2906
3101
4828
4551
3148
4370
3917
2666
4312
2969
1834
1474
3652
2363
4870
3877
3818
4588
3152
1465
3769
2271
1464
3382
1950
4461
4043
1833
4720
4130
4230
3869
3204
4573
2781
4906
4369
1314
2678
4732
3582
2984
3140
3734
3715
4683
2256
1619
1667
3285
2227
1726
2499
4951
3757
1099
2470
4411
3863
4168
4651
1445
1240
2154
2125
3545
1180
1209
1410
2162
2840
3303
2827
1406
2779
3754
1326
4504
3858
2954
4473
3491
1567
3091
2033
4997
1996
1704
4751
3310
1508
4923
2953
1443
1485
2873
1283
1351
3137
1726
3973
2816
4789
3721
1659
4896
2794
4145
1529
1439
3328
2562
4153
2539
1040
2087
3886
3290
3429
1706
2313
2499
1435
4542
2455
2867
2986
4064
3303
2067
3136
1694
3461
2445
2268
4323
2354
3166
1590
3481
1378
4152
4676
2865
3246
1065
3392
3896
4081
2424
3127
3598
2291
2938
1004
3715
2936
2098
1746
2644
1743
2599
2563
1197
4662
1237
4274
3054
3559
1308
1374
4793
1166
1468
3973
4058
2625
4659
2121
3506
2420
2585
1091
4254
2413
1111
1476
3430
3342
1092
3082
4241
2189
1192
2334
1883
3667
1703
3782
2734
2034
3413
3854
2140
3661
4848
4999
2357
2811
4235
4379
3332
3852
3422
3965
3708
4828
4747
3030
4919
1305
2263
2064
1756
2692
1965
1386
3402
1105
4591
3483
3959
1031
3848
3622
2635
4589
1163
4195
4073
3008
4497
1021
3981
1071
4583
2783
1894
3702
4653
2653
1712
2481
4418
1695
4300
2423
4143
1186
4347
4058
2931
2824
1722
2368
1522
4445
4542
2018
3007
3922
4162
1037
2067
2399
2795
2181
1607
1409
1487
4185
3496
2768
4537
3126
1091
3533
3864
3919
2889
3880
2255
4849
3615
3162
1806
3680
3017
2298
2796
1315
2278
4623
2688
2839
2242
2410
4782
4314
1517
3556
2031
2519
2143
2835
1733
1748
2636
4514
1785
4802
1111
3479
3379
1125
4872
3287
2085
3002
4444
4742
2215
3902
3444
2693
2682
1781
1150
1414
1221
4945
3003
2512
3670
1977
4208
3652
3048
3115
1370
3770
2109
3774
4795
2062
4993
1264
4338
3724
4760
4699
4314
4786
3988
2300
2523
2377
1546
2928
1559
2369
2239
1891
2858
3956
2375
1424
3297
2791
2446
3756
3271
1085
2722
3797
3005
2332
1849
4585
2585
3189
3467
1723
3583
2724
1630
2746
1578
2930
4834
1677
4063
1965
4588
3055
1244
3030
3525
4804
1773
3081
1146
4743
3659
3972
2761
1203
4535
1176
3306
4252
4229
2297
2479
2838
4376
4043
2987
3202
4833
4603
2092
3312
1531
1558
1625
1906
4068
1678
1187
2214
4027
4653
4829
2765
1280
1585
2179
1069
2261
2029
2338
3997
2794
3367
3435
2964
1273
4041
2641
4405
4000
3018
2744
2364
1630
4581
3379
1430
3296
2056
2366
1927
3617
4535
3355
3203
4963
2633
4905
3826
3932
3000
3110
4353
3618
3391
4993
3491
4469
3195
3704
1872
4030
1139
3597
2941
1192
4170
3158
1024
3667
4269
3312
2108
2862
1076
4745
2684
4345
2600
4500
1484
1830
3072
1450
3513
2094
3690
3045
4478
2242
4897
3645
1978
4661
1965
1173
4723
2970
4678
4810
3763
2741
3920
3760
4063
2751
1570
1610
2088
1939
4656
3561
2534
3005
2045
1238
4274
4203
4394
2544
2218
1578
4782
1655
2748
3419
4077
1142
1471
3429
2616
4335
4930
3481
3941
1628
2809
2886
2395
2749
4308
2492
2571
3579
2027
3111
2741
1756
4091
2639
3103
2400
1514
2687
4945
3241
1858
4270
3115
2103
4956
1575
2134
1551
2345
1235
1227
2190
2964
2824
4507
4351
4086
2203
4145
1323
3321
2017
1448
1470
2319
4945
4524
4988
3578
1220
2462
4727
1890
1959
4418
2568
1641
3864
3126
4966
3466
4707
1546
4329
1422
4658
4838
2725
1933
3764
3075
4195
3770
3716
3952
3533
4786
3734
2670
3379
4523
3873
3041
1650
2136
3092
4630
4613
4778
2370
4446
3562
1590
3032
3335
3611
2705
3689
2846
1022
4273
4466
1499
1359
2034
3717
3253
4126
3984
3470
1901
1139
3598
3869
1064
3922
4996
1173
4323
3382
3454
3935
4402
3561
4005
3384
4854
1589
2361
1011
4673
2047
4259
3074
1083
1456
1388
1287
1082
1838
1065
2686
4105
2139
3669
1979
4530
3596
3039
4448
4728
4153
3364
1301
1468
4226
3956
1288
4002
4529
2802
3755
2047
2918
4512
3589
3080
3674
1502
1280
3696
4608
2950
2082
3234
2810
2543
2372
4788
4844
3075
3673
2387
1325
4745
2967
2262
1072
4594
4020
1100
1264
4801
4199
4041
4420
1100
1457
2131
1311
3327
4705
4095
1710
2201
2708
2224
4948
1112
2115
3665
1685
1756
2402
4619
4767
4207
4930
4278
2456
1305
2795
4366
4623
4098
2014
4778
2589
3398
4265
1126
3822
3193
4524
4672
1450
1182
3095
4934
1447
1841
2660
4295
3860
1257
1890
2007
1427
2590
2986
1606
2232
2855
3243
1641
1162
2962
2688
4640
1844
3692
1846
2179
3934
2663
2609
4796
2758
3104
4275
1915
2692
3727
4942
1937
4479
1075
2780
1127
2805
1294
1166
2732
1326
1789
1007
4893
2822
4800
1564
2427
4185
2666
2210
4898
4702
4640
2864
1428
3401
4842
4306
4037
4056
2183
4691
1005
3782
4006
4193
4451
1075
3973
2599
4968
4014
2091
2380
2877
4511
1164
1201
2715
1511
1520
2152
3654
2641
4804
4076
3299
4568
2835
4641
3803
2130
2239
4801
4216
4336
3129
2482
4905
2621
3734
4305
4767
2058
4324
1462
3856
4269
3726
4640
2613
1743
4723
4148
3235
2546
2212
2195
3347
5000
3185
2444
1526
3138
3548
3662
4694
4629
1525
2987
4788
4995
4517
1576
1050
4016
2476
2878
1225
2082
3843
1162
2459
4427
1677
1806
4682
2525
1019
1208
4679
4009
4246
1389
1238
4974
2740
3309
1893
1176
3898
4811
3581
4457
4987
3454
3526
3243
2491
4140
1325
4458
3466
2504
4838
2094
2545
3369
1950
4954
1270
1040
2777
2501
4702
3535
4352
3377
4904
1025
2930
2892
2593
1448
3846
2429
4693
4322
3068
4982
2380
2215
4467
4948
3784
3770
4366
4892
2806
4115
4486
4680
3773
1886
4239
3102
4617
2430
2125
4502
4425
1869
3895
1390
2193
3970
4290
1531
1537
4083
2937
3608
2007
3469
4771
2901
4267
1610
1263
4931
2878
1521
4025
2196
3852
4668
3415
4641
1361
3225
3680
1692
3907
2278
1049
2636
1039
2268
4787
2794
4340
1807
4586
1330
4314
1167
2570
2668
3649
4107
4481
3579
3930
3087
3658
1941
1882
2091
1375
4860
4178
1943
3727
2995
2461
3591
1780
1328
2084
1540
3965
1808
2752
2141
4584
2597
4872
3417
2445
3196
2953
2406
1368
4898
2792
1453
2408
3688
2360
2943
1647
1210
1906
4381
3286
4292
4901
1823
3622
4736
4091
1520
3360
3898
3261
1137
3843
4302
3306
4532
4795
3878
4083
3005
1951
2323
1911
3349
1340
4547
3284
1847
2520
3941
2605
3086
2532
4443
3830
3802
1867
3750
3412
2785
2801
2487
3061
4467
4979
3651
1584
2693
4255
3096
2676
2308
1528
2100
2012
2275
2428
3825
3836
3989
3662
4151
2905
4756
3895
1828
2120
4066
2436
1906
3612
3664
1831
3696
4251
2129
4262
3784
2169
1416
4996
2426
2568
4496
1569
2782
4978
3607
3385
3816
1768
4517
2465
2456
1080
3473
4886
3261
1582
2389
1742
4634
1924
3748
4348
1995
1828
1443
4905
4678
4784
4475
2280
3670
2831
3454
1089
2419
1207
1448
2774
3738
2678
2856
4102
1098
4184
2448
1359
4896
4472
4994
2908
2471
4041
3729
4510
4387
2129
3180
1025
3423
4252
3474
1412
2126
4553
1606
3414
3683
3096
1706
2280
3765
1775
4738
2172
2156
2881
4789
2728
1426
3232
3978
2756
2561
4076
3301
1525
3315
4096
4047
4077
1277
4401
4581
3367
3123
2508
4945
2062
2867
4798
2430
4431
4816
1384
3101
2443
4721
1542
1010
1439
2013
2102
4357
1163
3643
4795
3929
4409
2379
4055
2611
4795
2108
1804
4693
2972
4881
2298
4468
3890
2592
4351
4362
3245
1165
1320
4192
3122
4390
4278
2373
2965
3816
2561
2829
2203
1957
1249
3128
2117
4467
4215
1392
1650
4565
4816
3751
1475
1343
1138
4641
4363
3224
3921
3135
2292
3473
3725
1527
4096
1291
3062
1207
3276
1889
1476
4050
1569
1695
3730
2863
1898
4410
2725
3679
2934
4485
1891
4145
1519
4625
3625
2808
2765
2342
4243
4057
4028
3367
4148
3583
2136
4905
1976
1717
4487
3866
3743
1470
3594
4430
1302
1537
1054
4609
4002
2374
4199
1512
2304
1619
2004
1995
1264
2061
4835
1628
3559
2148
3124
2875
2425
3474
2164
2509
1627
1082
4691
1020
1975
3456
4852
4914
2237
2291
2472
3131
3289
2551
1404
3709
1512
3053
3095
4329
2103
3341
3499
2749
1448
1012
1965
2645
2318
1114
1027
2446
1894
3740
2711
3017
4127
2758
1906
3109
4680
4526
3367
2376
3462
1485
2475
4837
3347
1620
2094
2802
2375
1167
4536
3659
4846
3661
4114
3023
4486
2509
2124
2424
1358
3505
2900
3872
4776
3358
1258
3342
2619
1657
1870
3674
1212
1202
1645
2490
3926
1218
2082
3914
2008
1322
3780
4854
1483
1368
2699
3228
2583
4768
1961
1925
2549
2794
2226
3240
3001
3090
4824
1957
2285
4020
3282
4029
1675
4689
2898
4989
3874
1632
3576
1835
2959
3226
1216
3971
1158
1604
4506
4184
1081
4768
4900
1727
3701
2138
4212
1514
4952
2278
2837
3553
4152
2914
4011
1173
1276
1127
1081
4340
3841
1350
2118
1002
3206
3656
4145
1777
4868
3888
2036
3723
1839
4769
2220
4495
1873
3187
2688
2715
2385
4208
4811
3397
4358
2774
1285
4134
2073
3102
2481
4848
3424
4850
4963
4951
4576
3409
3492
2584
3341
2132
2437
3821
4090
4729