380
800
101 744
211 781
288 409
142 763
154 570
269 486
152 277
186 539
281 505
293 575
54 558
136 435
289 355
262 622
122 490
112 418
265 629
300 569
81 143
192 767
184 570
192 298
126 319
280 602
60 287
160 648
117 315
94 193
115 736
220 384
80 339
68 498
265 267
171 789
120 650
256 720
235 529
166 448
193 617
133 165
170 644
102 535
205 256
87 249
196 360
221 205
178 341
150 119
113 744
57 139
168 370
296 180
252 371
189 591
295 593
230 515
146 601
152 628
63 743
150 280
90 481
50 660
249 263
128 489
117 304
276 774
196 454
114 794
54 183
189 664
191 513
55 656
189 596
208 212
244 627
114 246
230 257
177 482
285 304
129 354
54 700
113 329
188 399
75 227
73 548
138 667
145 558
130 254
61 130
110 758
71 616
93 321
138 377
95 619
132 538
209 794
285 109
148 520
97 391
131 567
56 371
84 794
298 639
51 173
235 547
170 743
113 322
113 572
110 602
187 744
99 284
284 353
248 712
164 340
123 791
265 683
182 404
97 604
255 620
183 488
290 461
156 221
290 285
133 132
292 454
64 418
215 420
162 654
199 765
288 599
197 201
233 723
262 788
126 668
111 268
66 431
241 545
181 487
186 509
129 651
163 575
89 449
61 313
194 333
76 476
195 105
157 342
242 468
239 292
102 531
220 628
77 755
206 721
217 402
206 711
249 712
228 306
290 190
139 267
177 725
295 541
236 138
53 216
95 533
81 114
154 354
161 670
85 639
62 536
163 282
103 243
194 602
297 447
96 288
282 387
261 155
72 249
289 395
224 554
106 452
232 572
280 651
268 488
252 494
178 524
137 637
257 765
120 664
105 328
173 493
272 673
257 616
203 737
77 663
116 774
85 198
294 307
105 253
220 672
89 248
279 246
187 268
73 328
139 725
246 456
182 444
69 452
85 722
57 315
93 575
227 529
201 179
216 571
104 765
147 275
120 795
241 784
200 338
270 264
193 444
244 103
168 585
119 370
212 768
167 793
159 734
289 770
148 692
141 422
203 393
294 702
89 558
169 445
239 388
258 374
240 153
59 520
187 136
102 408
90 593
70 674
203 332
286 690
232 410
88 792
236 595
219 792
108 350
119 629
116 542
111 652
267 721
77 281
187 612
186 704
261 443
183 140
270 385
69 451
118 152
175 763
149 214
67 675
285 145
300 602
181 747
207 625
75 372
57 706
269 709
238 295
64 285
214 742
199 658
292 163
194 432
233 473
279 454
292 739
67 655
280 791
249 787
279 397
53 740
298 123
234 609
275 417
186 712
296 634
60 359
284 237
254 705
247 287
167 381
242 199
297 246
266 466
131 167
181 578
143 573
80 377
185 773
65 215
165 593
286 719
130 291
292 345
193 592
176 535
297 284
281 763
89 695
212 398
134 754
222 241
75 663
255 475
141 380
143 627
277 583
253 326
271 153
89 575
268 409
253 212
297 687
105 757
86 274
268 364
296 438
71 206
193 650
161 251
149 626
273 219
99 694
203 571
98 763
126 736
126 361
120 217
160 758
169 126
278 232
93 150
149 260
300 754
203 281
127 622
136 662
258 355
244 580
263 424
71 190
131 790
181 126
149 500
56 189
112 205
187 241
155 593
132 100
262 580
94 522
174 337
233 169
249 242
234 606
183 666
241 271
89 286
218 236
110 383
174 370
65 351
295 427
275 370
187 348
79 799
85 767
150 341
171 362
179 156
199 634
192 775
160 635
135 540
289 581
217 211
93 692
286 326
100 562
83 249
84 541
251 683
204 285
221 773
129 494
96 766
87 457
286 653
98 517
240 684
102 656
78 196
167 528
243 248
96 416
93 305
153 252
100 766
240 413
288 553
255 396
238 262
268 354
232 729
233 562
81 693
254 245
206 266
127 743
147 441
126 711
182 199
151 523
197 129
146 606
57 151
230 184
286 702
277 495
298 449
242 198
146 140
118 734
148 507
201 450
214 702
123 704
218 191
139 283
75 277
79 563
240 323
222 459
164 544
116 541
291 121
235 609
124 276
230 159
198 731
138 383
255 381
242 367
73 610
79 403
261 528
297 679
107 371
59 481
99 717
280 796
151 636
237 377
109 392
187 377
289 109
144 593
177 498
267 696
92 513
101 542
59 547
293 727
97 213
60 443
53 202
173 430
183 740
219 211
296 119
299 791
222 115
83 105
195 324
151 159
270 620
252 414
205 592
148 440
222 743
222 177
163 316
166 679
89 608
287 523
127 778
208 673
163 138
128 286
102 527
69 112
114 292
226 535
76 310
171 722
63 389
271 283
290 466
138 573
212 799
209 471
125 261
67 299
100 348
57 231
232 361
254 481
95 727
254 381
109 655
147 484
286 673
297 522
236 426
69 418
179 268
77 527
71 650
171 681
125 232
100 291
280 542
248 587
125 736
182 348
143 594
223 464
247 159
50 682
197 470
203 225
54 316
86 320
197 418
77 473
91 489
260 690
279 449
253 601
154 479
128 267
159 504
91 380
98 706
223 480
271 444
173 703
53 371
83 236
262 235
294 428
229 449
74 797
194 695
51 581
270 197
119 352
178 378
294 354
244 174
188 159
227 695
194 293
183 596
144 237
227 302
274 176
245 743
50 625
139 559
163 567
125 596
221 530
249 169
82 557
79 562
283 189
246 575
218 211
80 161
124 798
158 171
84 613
111 324
267 261
208 499
223 779
88 514
170 720
180 587
299 449
210 349
249 196
181 527
129 796
176 262
159 496
240 217
144 261
153 416
300 449
223 262
124 106
53 142
82 294
289 140
89 798
86 418
213 792
135 637
142 242
277 301
183 399
185 322
178 496
152 512
119 119
205 532
59 307
114 410
57 470
241 213
162 440
232 329
153 538
63 431
126 344
289 572
228 666
297 716
161 498
180 541
276 401
91 205
51 420
177 160
147 267
224 121
253 348
260 421
118 787
97 540
255 754
139 659
217 316
171 471
171 457
231 681
83 644
117 351
275 167
198 565
58 722
102 593
193 508
272 145
75 377
166 758
192 768
111 260
181 724
289 510
52 701
214 142
132 172
231 260
269 687
286 173
160 718
291 230
274 317
64 363
232 352
164 458
85 144
205 779
241 168
78 137
168 283
269 792
111 542
221 404
272 209
51 355
51 379
234 348
74 100
242 675
236 368
167 323
55 492
83 596
108 269
50 713
150 261
159 596
110 387
116 709
175 755
275 731
188 365
195 698
217 179
279 777
201 621
117 732
187 523
273 156
207 680
215 535
86 240
213 169
253 265
161 570
233 477
153 274
210 681
280 770
268 291
52 346
148 607
220 405
264 517
258 345
65 120
188 108
276 132
124 241
62 428
51 443
74 331
59 160
173 141
233 683
83 212
102 125
99 556
179 615
217 620
132 652
233 473
85 199
131 112
140 798
123 500
222 171
110 180
220 303
224 735
216 215
160 521
252 117
214 187
275 294
280 149
216 155
252 331
147 616
281 600
215 686
83 132
82 526
79 340
249 565
115 293
59 373
131 704
263 136
144 226
165 731
87 713
217 572
277 171
137 188
187 764
80 550
55 710
268 762
257 282
278 439
221 553
235 519
52 241
75 697
213 357
139 722
207 439