420 1000
110
101
95
92
45
58
122
51
111
17
103
31
110
93
38
37
70
120
45
71
113
128
77
76
105
94
98
85
85
11
111
36
38
59
25
86
79
107
60
3
50
84
112
29
87
78
124
92
97
22
13
45
116
104
107
33
105
128
89
101
65
65
25
58
96
63
62
99
35
10
6
58
55
72
40
118
42
59
5
77
11
101
51
70
41
72
91
112
69
53
129
96
93
24
103
70
67
21
112
65
69
66
51
80
84
106
72
40
75
52
73
107
32
63
74
117
120
11
26
70
112
69
113
43
103
64
20
58
39
96
85
26
75
44
105
117
91
46
37
37
95
109
26
83
60
29
76
92
50
128
116
114
87
51
21
124
31
32
36
10
99
100
80
60
47
84
97
15
54
15
72
34
20
17
98
87
46
67
40
33
35
107
15
113
111
99
90
102
43
26
121
20
68
43
43
117
129
117
97
106
24
124
29
7
74
51
73
72
96
91
39
68
51
124
68
7
68
6
79
66
119
68
45
101
19
31
17
126
104
21
82
26
56
123
56
95
43
31
5
19
46
93
86
81
86
49
16
5
62
44
82
41
17
47
35
47
69
43
88
99
22
69
70
112
98
128
43
7
75
77
60
62
8
85
41
126
95
37
70
19
122
115
53
111
105
122
78
74
87
71
92
66
117
5
101
64
103
39
28
115
16
87
21
84
84
120
72
14
66
84
38
109
79
87
93
69
59
127
85
22
63
34
99
33
32
21
120
98
57
56
118
67
61
112
8
117
69
86
55
90
89
69
122
130
31
50
44
37
120
46
16
90
53
126
116
110
95
62
129
46
9
25
78
49
104
43
23
24
49
32
20
66
116
31
46
119
113
84
40
54
103
126
115
75
96
49
123
56
60
69
86
72
25
72
109
13
36
68
91
23
28
50
53
115
62
38
64
5
75
77
61
41
98
84
113
17
35
45
86
121
71
3
68
46
100
45
37
18
99
125
105
88
98
94
7
29
86
78
121
90
5
90
85
111
103
34
128
60
36
51
104
65
51
116
110
97
53
98
56
63
28
119
80
106
122
51
37
35
53
120
44
12
86
90
58
42
39
93
54
114
113
65
101
128
127
26
24
61
36
113
58
104
123
70
109
3
112
7
22
21
115
128
102
28
22
81
37
20
50
120
114
70
15
44
63
101
29
3
25
50
9
97
53
31
12
12
102
39
72
24
52
55
22
113
4
19
77
94
112
130
99
39
70
120
121
91
38
121
47
22
100
39
29
111
79
79
113
33
102
88
13
16
63
125
66
70
40
26
10
117
84
115
35
64
54
13
27
94
76
45
113
121
102
27
4
97
45
109
105
60
97
41
32
55
87
6
126
108
55
106
68
18
80
90
71
85
62
115
123
24
4
85
13
11
90
86
81
74
31
121
96
106
57
3
118
31
70
13
71
22
15
69
97
118
49
101
118
80
37
75
92
122
3
35
83
4
19
90
57
20
16
130
76
30
76
41
122
32
83
19
53
113
53
21
95
68
54
4
60
77
34
3
107
120
28
83
119
8
112
66
114
55
40
51
42
14
23
16
126
9
31
98
127
83
64
49
40
4
93
16
26
28
107
7
86
90
104
23
126
33
96
116
58
39
48
124
39
105
75
30
36
92
39
42
39
109
50
43
23
17
40
7
85
56
16
32
128
39
18
69
91
23
55
118
54
106
92
34
114
68
117
86
117
44
86
73
126
3
48
25
25
74
4
53
10
115
18
130
119
12
121
128
102
84
29
82
73
57
31
101
113
44
124
12
29
62
10
99
41
126
125
105
49
45
83
128
45
127
45
118
78
33
3
112
56
124
49
76
94
97
52
27
118
83
50
62
114
90
40
87
80
31
89
25
59
39
114
75
92
47
108
55
22
47
97
69
25
126
130
11
21
104
14
59
110
48
63
64
60
4
29
79
10
24
89
74
21
20
82
61
109
20
116
20
107
18
4
121
56
9
72
110
46
119
10
37
33
27
125
77
103
77
114
109
84
34
51
119
72
3
120
97
52
45
99
62
117
117
84
33
38
26
85
88
13
52
116
21
121
85
121
40
63
128
34
44
25
84
92
40
82
117
18
111
16
123
78
47
81
56
42
54
26
87
36
25
44
37
47
23
125
60
124
82
52
32
70
36
9
54
11
13
24
65
17
112
7
57
13
8
13
101
13
92
4
45
50
130
68
28
103
108
84
126
44
91
111
10
34
81
20
95
95
13
18
102
99
65
14
32
76
121
7
70
128
64
10
42
125
77