10000
5523
2312
6668
8109
178
1483
1704
7663
8614
9733
2116
4146
9592
3368
1004
2349
2760
8734
6359
8235
8860
4599
3540
6168
4577
848
811
9696
202
9481
4712
3515
9754
9429
4983
9383
2393
2039
5803
4539
7264
1104
6403
5700
9474
3350
9773
7973
9265
2209
2784
2228
840
8970
8225
7985
1199
8351
4790
8104
1730
3970
2060
4321
7372
8423
5678
6680
9230
1937
9603
782
4364
9442
4105
385
1624
8141
4554
256
6580
9438
1232
4052
8205
7036
2542
7206
508
9766
1434
496
3197
1415
5307
3150
4863
1981
306
1767
325
4061
42
4107
6005
3139
9012
5717
9823
5187
4225
9386
8332
4090
5273
3619
2924
8135
8505
7071
9597
7842
3894
7034
2468
665
4802
5162
1827
3712
2767
3775
9171
4874
899
2468
5111
578
2810
694
7022
7164
6837
2656
2166
8046
4315
3100
2743
8052
430
2066
9595
5189
8109
5806
5150
5229
1456
2209
9292
6260
6062
9787
8597
6057
104
801
5946
6750
4810
1440
3682
9915
826
1296
549
9136
8890
3206
2023
1737
2734
3308
7974
9422
2822
2866
5620
7442
7766
2941
3909
7066
582
8283
1880
3379
6877
1235
5874
6276
9888
7850
6721
5160
8305
9652
5541
5398
8082
5064
3357
8340
132
871
5457
6204
4759
3025
4684
3545
3100
8989
1304
6248
8063
7558
4808
2418
8381
4412
2763
8011
7216
9265
7305
8994
7779
529
3422
3308
6666
5992
7387
6067
2858
3039
4807
3300
5401
3027
7472
5878
3762
5420
3319
2823
8161
792
7177
6226
4989
2141
9721
2723
6205
3372
9826
9583
8416
639
942
7050
7830
4564
2290
3949
8635
8646
6909
5850
7545
433
8908
3019
7032
8174
7438
1502
9430
414
7831
9184
5903
7658
4769
4266
6816
3215
6803
2308
4380
831
2125
5541
384
4255
6019
6053
6571
1940
3321
7324
8609
6272
1872
6774
4273
3475
6197
7973
1432
27
7118
56
5727
5098
5478
2127
8605
1630
339
8741
3061
4882
5063
8309
3978
4912
4300
1856
3247
4047
4158
1200
8439
510
8797
7706
963
4363
6453
1868
7256
1154
2659
7100
5021
4503
7970
2476
1130
2160
2708
8493
7127
2377
8591
2797
3086
6672
1909
4632
9004
512
1156
5607
3869
4245
4352
4450
5991
9997
9736
1381
1423
9067
1212
5998
4478
4675
8844
2281
2622
336
8783
9114
666
6177
6285
4500
93
4452
5541
8915
1878
8171
376
3836
2428
7873
376
6270
1261
2953
8794
159
3602
2419
3217
311
793
8102
66
6742
5833
7084
7943
3900
6721
4997
9304
5148
2777
612
8365
9984
1457
3973
8516
1280
6173
8701
8133
637
4495
7246
3594
4602
1104
1137
3619
3169
1917
4527
3977
1046
4139
2941
3163
8983
1288
6016
7932
8222
3959
4491
5086
1459
4700
766
4125
5171
4827
1917
499
5697
7611
5782
8670
5864
1950
9990
1884
289
353
8192
4977
4251
5374
9014
5628
1123
3129
1418
6170
2087
288
1198
2044
5575
8980
4043
2007
2407
5514
499
1783
2802
8702
3446
1522
3848
2085
580
1528
4245
5363
3418
7580
708
8116
6348
5416
7520
7626
3207
278
9516
548
3967
4871
2227
386
1853
265
3198
1992
6680
9223
6359
3042
6336
7768
8474
9513
429
4650
2238
9026
5978
2785
2856
6635
9898
8702
7711
5457
2661
2455
2783
46
6745
6454
6246
9618
1094
9184
573
8305
1033
1881
6770
9563
9524
898
7962
7998
8454
5377
592
3528
50
4313
5470
5170
2791
6841
263
474
5910
9343
5657
7717
6406
2132
9535
1477
262
8748
9518
6899
816
4599
6558
2728
1697
5984
1353
8300
395
5442
7429
7816
7282
7788
1601
7619
5529
4605
3183
2054
7531
2542
9251
3847
1760
5905
5891
1696
3352
619
7106
8642
9297
1610
4943
1230
559
5557
1930
3999
2681
2002
1049
8758
5385
4037
920
7886
8834
3326
9976
2772
7009
8587
8493
7822
3386
5610
8788
8974
7307
7184
8913
6276
6881
5216
2804
1334
8463
6110
7653
7646
1810
6505
1881
4931
7430
2050
3028
3695
3199
4296
8305
3430
6169
9655
6325
6349
2959
5553
2514
4869
6987
6694
1796
8623
1465
7652
9747
8266
4954
9135
4061
5369
2227
809
5621
4591
2028
4698
6979
5190
4199
8249
427
5687
1632
2559
4677
7014
2696
3466
6739
8750
4284
5152
8939
5563
3902
7472
2234
2757
5886
7677
90
2997
716
1906
6294
8748
7043
8781
6410
5244
7318
6836
6479
6372
6637
6003
6384
1232
5669
1165
9984
3863
1742
4885
7300
9717
8460
790
5843
2307
7444
1118
1758
5610
3895
1117
7984
6548
1750
5313
2593
3603
5704
6689
2727
7303
6049
5741
4878
9848
5571
1540
8395
7961
7451
1429
2386
5853
1183
8105
8355
7589
1638
266
9892
1853
2093
9979
7322
9778
9832
2676
6014
3903
584
2825
7885
9514
4256
8906
2601
2455
1868
4862
9744
181
9143
4896
7979
7904
7896
6058
9863
8361
2173
3660
3052
4535
7819
7972
902
274
9396
7595
5220
8409
2649
9390
1285
8304
7740
3402
9684
5460
5418
7894
7079
8525
1708
2473
8519
2781
7324
4068
1236
7867
3782
5943
4803
1814
6176
2901
2308
5417
3182
318
5704
5269
4878
7827
6199
6782
1440
2637
2967
8199
7665
9444
519
5738
2683
1588
2116
5421
6084
6140
4356
3556
6563
1793
4324
8487
8863
5479
9773
7960
3651
321
3110
8720
9374
1093
9664
4908
9370
8966
3903
382
5610
6690
2879
5735
6394
9934
7694
5522
3578
8908
1525
9729
7844
8942
1996
3234
2698
7163
5468
4691
4000
6076
5708
962
5802
9364
9155
9261
6244
9201
5461
7568
4574
5569
5136
6689
282
2544
408
4912
3573
7147
7355
944
6523
90
8441
1189
7913
5734
1324
1473
1887
1697
3119
1195
2743
2173
3110
1077
2859
6890
5948
673
4069
4934
7743
7143
2532
7549
4078
5285
9190
2457
9924
7572
976
5801
8777
4559
5810
5203
7852
2586
7296
6484
3751
7613
677
8750
8271
3602
7682
1417
4025
6427
5801
5893
8958
4017
7978
1161
1683
8079
1631
7652
6781
3319
935
316
4912
9000
7347
2191
5954
4726
8933
8486
527
6557
6846
1213
33
7124
127
9053
8836
4490
6646
4197
1480
1746
6274
1119
5208
7843
3685
1672
7077
5065
6069
6014
1060
949
9952
920
5340
1271
9393
148
6309
2462
1653
2685
515
6494
2332
7243
5387
9221
9973
4072
4340
1066
9243
4799
5242
856
8448
4016
1444
2535
9826
9520
4388
5556
8737
3043
8423
6944
8521
5152
631
2785
2478
6802
7850
9287
6266
1023
1894
3461
3413
9620
1965
1335
8438
7014
7756
6566
2912
7058
1824
7065
2124
6584
4200
5457
1665
9306
2810
9768
5835
1758
2605
5725
5303
9518
9603
4981
9386
4292
1013
3242
7887
6481
7988
730
4622
8388
924
7483
680
3314
5056
5390
2107
2584
3213
1451
8456
2132
368
207
256
2729
5884
7962
3094
1816
9305
4833
4163
2904
5846
4100
916
5101
9419
7343
7852
2889
6624
434
3385
3610
724
4757
9442
1028
9637
5839
6835
2358
380
8458
9589
3318
898
1437
43
1556
2189
9294
7251
967
9614
6627
1760
1425
4162
1060
9544
2496
2775
6840
3400
2551
4750
1483
2132
8732
4895
873
4834
3904
5161
5020
4609
9695
180
7736
4083
1225
6056
2948
8104
6049
136
8251
339
1193
3959
2362
9818
4249
8696
48
1478
1997
7974
1548
7208
1889
4745
1262
9936
7109
6602
7419
4747
4471
8254
3830
5905
8447
8855
2741
7557
8257
2864
3737
8695
6103
6683
1469
4075
102
3674
7155
6054
1610
6764
3925
9507
5515
8438
2001
7118
7925
5363
8765
7916
7560
1752
1144
6610
3434
5729
5852
6891
1625
1688
1296
7010
5653
5055
5141
9891
8390
7304
2699
107
4594
133
4820
9639
2279
383
4962
955
6204
1509
9153
6269
7017
6555
3020
3039
3375
6842
671
8144
981
5216
6633
7681
7955
7095
4120
5934
9647
5205
6675
6916
8365
7447
9206
5462
3889
6732
9257
218
2427
7556
260
7616
1156
8357
3936
2253
5828
1092
3399
2065
6379
7115
8614
5771
6474
9224
8780
5451
8084
5131
5372
5121
2990
9986
6408
2023
4259
4705
6944
7633
5298
3086
2635
5971
6962
977
46
7623
22
8462
2974
1931
5112
4453
8344
4882
7477
1889
2872
3950
4361
826
5140
3806
9050
1058
7408
6225
3363
4043
5772
8033
8700
1107
6376
9439
7652
8492
7398
1500
687
8809
9346
1516
2458
3794
7908
6644
4321
8043
9651
587
4598
5626
2919
3517
6575
9264
240
8310
7472
3507
341
6375
1702
3178
7770
6397
6024
1360
7549
4515
4563
7220
1062
4901
8517
8856
4610
6846
8086
3581
7385
7158
5403
480
2725
9242
8155
2220
839
6489
9721
4398
6235
26
6919
9763
8867
5326
6231
3685
8970
6963
1314
8992
1356
1953
2136
1337
2088
3294
6783
7849
8250
3968
6828
2951
6092
6410
9991
5765
1694
5796
2839
9637
2333
3809
7313
6696
6383
9297
2406
5614
9996
9931
3534
5244
2619
2032
5243
4202
4721
9694
4617
971
6470
7016
1411
6370
6341
7756
6429
8938
6882
5517
1787
4961
5145
3944
7744
627
5361
7285
6365
1928
4135
3199
9736
3651
5811
6977
1309
2002
194
4803
4174
1069
1532
4034
4766
3649
4697
3349
6566
4920
6620
8917
6922
457
4489
6742
4063
2722
809
528
6944
2341
7798
9844
9133
3455
1842
7613
9767
3732
1302
7202
2755
7262
3711
4120
2319
5626
2256
4328
3330
1816
3883
6959
7024
4491
8307
7115
8676
255
8558
8944
9394
7753
5839
9402
4899
2172
3707
6483
3103
320
1560
3416
7610
2050
3510
1617
9994
2315
200
7492
6513
5396
2345
3937
3197
7036
108
5531
4503
1517
8625
8525
685
9447
5028
3441
7017
2215
8740
6828
5442
8815
8154
6595
6276
6758
1231
3823
385
4036
1593
2607
7590
6624
6199
2327
6950
5085
3627
9637
7542
2028
779
7083
2056
8407
2635
4986
7311
6876
4122
6743
2136
9383
4216
9912
4037
8029
4282
2159
92
7228
2806
7338
2456
7790
2474
2507
9292
1092
4815
3408
6999
694
8091
6151
6223
8294
97
8793
1758
1092
9709
7654
2945
3470
6479
2851
8027
780
2766
7599
2132
7183
2649
1726
3727
4492
369
8966
6621
8900
9671
3314
7439
7353
6632
1748
722
6245
2754
9037
3683
3470
9815
4668
1085
681
9796
1171
7706
2283
343
3626
8091
9915
7949
6317
2149
1059
4868
524
6359
1561
2760
2387
5462
8379
3432
3736
7881
6523
4323
6998
1263
1285
2112
2423
3198
5356
1243
764
1102
3776
7988
129
6079
3599
6939
3096
2136
3870
7629
9228
20
4848
2467
4266
9408
1175
4638
8593
9667
8629
3434
7951
2254
8042
9014
3336
8176
1415
1199
7133
4664
4300
2807
7952
8944
3925
4051
2458
511
5676
7151
5186
5450
3538
2598
6450
3472
2391
6039
3694
8406
5938
4201
2205
837
2462
9786
7891
2341
8557
4850
8880
9926
1219
6374
8262
4882
1694
904
4470
4097
9622
3954
4191
1778
5464
2723
3067
1575
6200
6439
6037
4751
3412
5715
2310
9244
8108
5709
6920
8161
4194
8149
6131
8244
6235
8774
7880
3393
8259
8945
8943
1964
4254
6935
7618
5736
4472
5206
9911
1447
9337
550
8640
1539
6332
3908
8670
1976
9585
776
9787
2440
5291
6897
9461
2966
3096
5259
1468
2518
2201
2428
4925
5545
5564
4941
7479
6322
2098
695
9644
2995
8020
2254
464
1205
6085
6309
9236
7203
3813
8782
2883
1626
4706
8732
7425
9623
8779
6345
4466
4136
4221
2591
5142
1962
9623
487
4715
6879
5580
126
9155
6025
400
1592
3243
5648
9639
7547
2699
6352
4618
7973
9102
8979
4658
4251
5595
2578
805
7168
1774
6784
4647
4920
4619
8946
4318
269
758
8826
2211
7556
3435
8568
6734
1324
251
232
3374
2957
6456
4141
23
3718
3740
9957
1817
9401
4111
3866
8014
7612
5953
1777
7702
901
4922
3988
4197
4421
8634
2120
1369
2018
2173
689
2150
8719
1616
8555
786
8795
1263
3488
2220
9488
6078
2946
3619
354
7979
5563
2854
2751
829
9313
7169
5954
5921
6034
9748
9014
5165
6182
9740
5883
5915
3873
7184
4192
765
2715
7950
1910
9602
3846
1972
7725
655
6185
9429
8845
9753
2524
4026
6641
4933
5293
4768
4696
4089
897
7167
920
2896
6518
1053
2486
7799
2147
1614
4951
6375
1432
7871
5567
7400
1430
7547
4903
8187
4318
5106
8726
6747
1393
5128
788
5989
2711
1607
4706
6263
4793
5837
372
4709
9404
7273
5866
4622
3256
8995
4382
3442
6400
2057
243
8202
6493
6988
7025
8589
9529
4249
7727
3740
6608
3644
9459
336
8844
9923
8775
4395
3181
7027
2944
8599
2203
8988
361
9612
5378
3160
7496
1837
3626
4714
6944
8476
7616
2674
1863
9805
4637
5850
4769
2263
2983
4116
7405
5175
4693
7439
4495
5745
7520
5771
4096
2404
2530
655
9106
2188
8652
4726
2849
2268
466
4261
4880
9213
5703
7180
5280
3956
7352
4955
8324
9439
1230
5672
8102
4360
6719
3653
1104
9918
1743
9993
3124
3822
7546
1102
5426
5172
1198
3814
5906
9515
8122
9973
2809
3405
3486
2170
6595
9661
9001
6995
9894
8020
2490
9524
3461
9998
2207
892
1694
6648
1398
6940
4956
8487
44
7574
7711
7503
8572
8669
4387
708
3445
1329
3062
9637
6306
8635
9692
4962
6559
1758
2417
4429
6861
7458
6925
254
3040
7483
2148
5920
6567
3548
3366
2436
5183
1020
3969
8750
6217
4612
6357
7507
9487
2576
8473
504
9529
5063
7492
9380
6509
3982
5589
9239
6969
8677
6029
4494
57
9927
1660
4926
9805
7057
4448
9747
3309
7318
2017
4193
329
3493
9712
9756
9420
8347
1408
7218
7113
6889
1968
3125
7360
8358
8990
5270
2883
9312
2958
128
5565
9401
4613
1130
2133
5747
4098
6294
7788
6947
2967
2993
7104
9058
2655
4881
7825
2978
6654
3994
7614
3245
4257
3382
2581
2238
3084
2243
6037
2637
4014
7023
1842
6155
2911
589
6646
9056
8114
2557
3317
8467
7375
6550
5828
2803
2554
6558
8225
8893
629
9689
9435
2417
1410
3401
8689
6683
2807
2218
4788
6280
3805
7825
6327
2404
8085
3357
8967
5037
8550
5857
5745
3076
9513
9312
5588
4780
2057
6596
7616
5736
5484
6218
4860
516
5899
7565
5249
7863
5069
7870
5456
4305
422
1853
1131
1471
5733
6579
665
6015
2506
4057
2605
2728
5385
5163
3449
1884
9267
6287
5011
9659
8490
3761
4024
4605
9820
500
8754
7140
4732
5526
4349
990
3717
4680
7740
3569
632
4511
6243
5757
6124
9399
4710
194
4114
2979
5834
1987
7087
5028
5490
5933
6251
4621
8236
318
5779
5416
6513
6331
3200
9790
1712
2567
7536
2177
3299
8008
8095
2029
8526
1320
1590
7445
5641
2575
6926
5141
2963
7904
3297
6250
7498
1672
6523
3051
7569
7527
2700
7970
3189
383
9293
5324
2497
1364
7417
3255
9336
8611
5028
5006
7945
8451
5572
9100
7200
3218
7711
2979
3873
6540
8834
5446
9257
6897
1153
280
5356
2182
5534
4461
9837
5945
909
6436
2038
9126
6007
4484
8511
360
3590
4920
809
36
5068
6150
4898
3134
9742
5248
6294
2310
3111
5650
5495
3325
7155
6454
147
3249
9493
3083
6545
9528
2241
3958
5916
4163
8003
2780
8938
2438
678
760
4239
9556
8238
9513
3993
7674
3551
3513
5392
9432
7459
1077
1421
417
4343
6363
229
5054
8197
7105
3475
2839
9023
9324
4189
3753
4336
8093
7630
731
9357
6131
3037
4981
9522
3351
5936
1855
5341
1008
7239
7321
4136
50
7753
1206
7827
5444
7026
6970
763
9446
3539
35
1001
7031
4770
5585
2253
7150
9307
2442
4326
7347
9658
1659
1984
1212
544
5646
1443
4873
2403
2672
1408
6495
5567
5492
8043
8864
4823
515
9891
8942
4689
6514
1260
5483
8584
7325
8558
758
3963
7950
2768
4257
7639
2421
2885
4246
3202
494
6532
196
991
1981
7124
8634
9989
7877
4618
3019
8127
9903
8903
2543
2220
9411
6706
2832
4780
5651
7035
2187
3679
9528
3223
6795
166
3706
4635
2267
5118
2843
4987
1637
115
6099
2932
5211
4408
6177
3402
2956
5079
7598
63
7151
6508
2584
4668
1144
6735
4290
9662
3523
9561
8996
1876
9084
3836
3739
6836
9097
5272
2364
6570
8430
4150
7511
6594
6357
8083
3506
8915
2575
1210
9106
6855
2706
1620
2712
5609
6094
4186
4473
4678
6450
544
4288
5229
5859
6169
400
6727
9621
1370
9417
6133
1478
885
7182
858
1090
8130
1924
2950
553
4994
518
7760
3416
2878
4168
2091
5042
4908
7984
6696
2168
2607
8636
8756
7003
9406
8217
6475
4645
405
6698
1865
1406
1855
712
3191
9133
2965
4038
5236
8077
5616
7190
9085
6018
2182
1047
6057
1884
8938
4618
6906
5743
993
8396
7747
3258
9397
3675
8659
5622
6165
2765
8348
1453
5273
1735
4618
2382
1149
2320
2503
4619
2322
4012
6974
2511
3479
3498
9356
2285
8542
1371
6053
2069
1842
2630
6234
2104
4829
3275
3147
7130
990
449
1213
6748
215
5712
2055
3697
5456
9647
9132
2117
8448
3120
3055
9242
2535
6807
5669
3066
2921
7851
206
7185
7865
7247
166
379
3438
8307
4952
669
1408
4770
7344
9726
6500
4354
3248
6276
851
5206
541
7347
6382
4073
5972
9759
5082
9211
3940
7764
3761
4565
5145
5471
3681
2428
8785
3220
9216
9365
6924
5397
9720
9536
7405
6084
5990
2831
672
8845
7815
7692
589
2958
2150
2364
5831
9848
5138
6555
6217
3646
7284
3744
4371
4681
989
6951
7975
9106
309
6657
5594
1324
7368
3297
7085
4056
2578
2259
7406
3778
7406
6814
8242
1813
2474
8525
5773
5044
9300
5787
3445
1439
6107
4224
9014
1977
708
9254
9806
1522
4263
6912
6668
6825
5267
5283
6041
1938
7642
2969
6285
5820
4577
5781
1531
3271
7971
3848
8725
528
3693
9007
6567
6300
1758
8502
8717
7458
4236
970
8370
6042
7132
5154
2476
737
678
8652
9040
799
5267
6955
5966
5522
5424
2224
9141
6608
2977
3009
6406
7613
2341
1945
189
9668
3080
6119
3258
8507
3186
9752
9833
6361
322
4826
3306
1454
361
6259
9965
8095
4506
6988
8362
4435
2570
7384
7391
2712
7422
2054
5782
1725
1433
1354
7535
3639
8419
7330
8997
8711
5581
8657
9617
6215
8758
8531
1114
1160
5909
5550
690
7651
9611
9611
2837
987
5156
4885
6534
8159
7968
7046
5683
7710
5187
9332
947
1211
2170
8177
8369
1196
805
5459
5733
7266
5485
6749
7534
7027
3796
1221
7088
8198
3568
635
3343
2308
4756
9119
246
5828
5576
1304
1367
5170
7401
6654
4525
2263
5202
5883
6804
3963
478
2965
495
5908
2773
5479
5039
2578
1600
3620
2708
7265
8974
4428
5242
2838
9106
1516
2446
5304
9763
7205
8685
6155
52
357
7853
6869
703
1642
1143
7161
7486
3489
4137
6306
4890
1094
2317
1538
6118
9375
2093
3611
1825
6043
1125
9786
218
1217
6515
762
1075
1775
8000
981
1768
2948
5901
7392
9310
2065
3718
4567
4969
4972
7319
5700
6994
8532
3545
6025
4716
318
9526
6218
6512
3629
9175
7566
2757
6246
2549
69
1624
9005
4966
9284
5059
3009
9787
9049
3497
594
1028
2741
8442
9267
585
5152
4992
3307
2968
4449
3100
9562
7442
8329
2215
2922
3088
4499
2518
7039
3401
641
1793
6380
5453
178
4959
4395
1529
5373
3458
6219
509
4395
3512
1870
9675
2971
4926
7744
3981
843
459
1884
3222
4439
1464
3846
5794
8050
623
490
7658
2188
1100
3623
4394
6140
4054
779
1393
5459
7758
9392
6580
9282
3388
4665
5016
7690
5646
6044
1990
3383
4917
7778
4016
8676
8423
8284
8474
6200
6007
4424
8564
9953
2108
6764
92
9334
2848
2658
3270
441
1897
2826
4846
781
302
8338
2056
9706
2327
5048
8513
2930
3457
6850
2720
41
7391
4604
1611
1821
561
8780
146
5930
8388
7084
1436
7947
3086
6513
5652
2544
8203
2564
8171
2003
1234
420
9550
5162
1563
4946
5607
7762
9287
8269
5241
916
6508
457
6120
3733
7478
5392
8017
9320
5453
7369
9328
4707
3241
1136
1977
6278
1396
7822
4461
1104
6225
454
6715
3569
2576
7752
9004
3400
5918
540
1400
5449
5141
5570
5003
8429
6757
6859
9324
3017
7330
1733
8626
8983
2258
871
8515
4415
8098
5246
5642
7836
1484
7815
7149
380
8472
943
3218
4145
1836
8510
407
5928
3000
1581
897
2247
5304
1811
5207
1574
5016
5342
3488
8335
6881
3703
1789
9681
4740
4181
9063
1042
7267
453
4234
1716
5420
8674
8883
8026
8681
2201
6900
8969
1267
3809
8686
4208
9574
9276
7540
7435
8390
1813
7199
533
488
3956
6188
6295
3836
7638
4861
7262
5587
6698
1584
9576
3638
3762
5308
878
6308
4636
6813
4429
817
537
4015
4395
982
9528
2142
9219
8292
7761
6321
8539
5288
7701
9763
4734
9361
8594
3934
5541
1142
3808
2251
4578
5238
7167
132
7662
2333
4193
8816
528
620
4135
824
4835
6709
4924
3079
2910
5187
2983
6229
252
9411
7796
4859
9338
3095
1881
3654
1733
4938
1585
1619
6130
5307
9828
8148
2555
713
7327
7778
1161
6621
4774
1619
1448
459
8860
9932
9152
8939
7827
1401
3423
3753
4061
5678
7819
1417
2357
5101
7488
8523
9730
9779
1432
6729
9879
2731
9939
2997
3843
5605
5096
6471
1139
218
2675
8480
5355
4315
9639
3857
4734
4023
7463
1212
9594
6373
2155
1342
6140
2229
8780
5236
1859
1485
6121
1794
7820
379
9659
6162
1689
7799
261
9181
7437
5535
8939
859
6138
1679
927
7549
501
442
2905
7258
1804
339
7382
8625
5422
5600
3691
7835
689
8794
7731
4783
8244
7765
4524
3137
3426
5995
7522
2203
7834
2809
1303
9350
3085
7730
4874
908
4371
6021
1963
7873
1606
2915
2245
4989
6233
1181
1047
2676
737
6831
3608
5297
1060
5497
4395
8293
1907
3031
2729
3484
8675
5253
2485
1433
5735
6534
3008
4166
3489
8718
938
7186
2809
3841
6644
6695
6158
943
9860
3238
985
9920
4830
2106
6810
6503
5556
398
1951
3295
829
7111
931
7920
7427
8418
2211
4167
310
4738
4056
2042
4241
4019
7186
7026
8917
2535
2383
4974
2527
6647
3753
8486
9245
4946
2662
5574
634
6053
7535
3933
3557
5686
6570
3369
3883
2487
3961
7155
6007
3115
4096
6987
2178
6364
5386
6820
5183
3342
460
657
6426
4781
2559
4943
4782
4168
5564
9787
559
5509
6408
7412
8158
8228
167
6113
9989
6178
2403
2972
7074
3977
4167
7364
2031
2721
3559
2618
5687
6139
6498
8098
8856
9951
3210
6555
7632
2707
9323
8583
53
4691
201
2755
5009
4301
9076
8108
6640
2406
4506
3491
1636
3072
2603
9842
9333
9471
2869
421
1185
8489
4061
2606
8796
5239
820
4989
9825
3718
5817
738
1882
4754
980
2676
8647
8092
9251
3905
7078
4870
6599
3599
4085
3962
7400
3445
2372
951
7047
3702
8569
7105
1055
7031
2228
9033
2484
1855
2042
7380
7292
8049
4791
3251
5296
3446
4975
5682
3077
8861
7258
8965
7523
3427
1995
8225
8564
8260
7835
4207
5686
3096
6248
4444
1224
4008
162
5504
638
4166
3268
3944
7893
4133
3735
3414
4005
9698
6063
9832
2155
3088
3778
8463
7145
4156
666
4081
2237
9952
1231
4894
5222
5269
6427
6385
9190
6910
8796
3550
2005
6729
7086
2232
3654
9523
2612
8920
2569
7152
9365
6058
458
6804
4497
8444
3666
9090
5158
6887
4524
8669
4616
7918
4364
8280
3033
4713
1111
9854
83
3385
4686
7479
5255
6365
6161
3278
3146
8465
186
7862
480
9427
7626
233
4303
6637
5911
763
468
8317
6695
4972
9158
3535
2868
2639
2440
1874
3118
6246
1804
7731
7267
9044
1626
5785
5899
8743
4570
2517
4877
8879
5500
4213
273
7664
1949
6255
6630
6876
736
1071
1001
1322
6638
3752
823
499
1755
8432
3910
9647
1373
5884
4886
7220
336
6357
7303
3502
3063
1136
2534
6133
7567
6421
8356
5209
6169
2480
4281
9448
9967
9902
2129
4042
9424
3145
7093
2020
7889
6498
1719
1980
4114
3384
6521
3689
3877
8630
4447
8037
538
3715
3900
1346
8348
5046
6920
9345
4101
5398
7333
4455
5959
2857
7630
2273
5614
3182
2292
1115
7894
9387
5501
6195
2882
8958
6123
9947
4081
3130
2574
5391
3954
1255
9268
5516
290
1980
2055
7879
8959
8892
4772
6949
7273
4956
788
6053
9250
9978
2894
2437
4596
235
9278
3927
8665
2995
7323
5162
856
8731
5904
2093
29
1192
1813
4602
6112
4711
9805
4702
2274
8905
2257
4022
8688
7120
5293
3911
7386
6073
2654
9355
6162
3211
2005
1200
2687
5102
3808
5646
2382
7817
5846
8513
4288
6240
5082
8951
4717
3544
4297
3970
5150
518
8043
7570
1485
9310
305
1915
6118
2815
7481
4596
8841
697
5012
794
1835
8460
5905
2167
811
971
5937
8712
9876
5398
8310
3138
10000
3049
7260
9429
6205
1542
8367
4360
5697
7061
278
1887
4626
6716
2649
7780
2245
1460
5082
1512
8676
8957
798
8754
2613
7904
1659
2926
9829
759
8964
3445
1120
4488
5682
9231
4421
7117
7926
6962
8186
1658
6640
8556
8953
1921
9888
5867
581
9979
2432
1578
9500
8739
3430
180
3961
6493
6281
5661
77
8955
7879
1484
7398
4059
3783
931
4950
7584
7418
5134
312
1671
2732
464
9197
5120
2299
2697
6040
1490
7248
2507
3207
8528
7166
1151
1701
5583
6873
2798
9350
5047
6925
5203
7685
7707
8357
3059
3700
6300
8687
3568
683
3294
1786
560
1464
9329
9393
9754
442
801
7423
1966
7621
9282
9522
4259
4273
8386
4717
6675
7950
2785
5688
5178
7312
1374
2529
8695
4131
9871
7810
6870
3219
198
9573
7998
5367
5335
8852
4262
6099
6414
3097
830
5574
3030
4182
3840
1801
9150
5117
3103
1250
5259
1513
5804
1017
570
1575
3814
1938
9780
2120
8382
6630
8327
6697
2917
1574
4504
8758
9107
6215
9620
9355
2690
5395
2646
9968
9443
2197
2943
3598
1388
3419
6033
8525
5956
4870
5961
7260
3690
7435
5248
9917
7958
3244
5188
2678
9077
6167
3689
6237
3537
4094
5904
7646
2422
6555
2275
8784
8577
3252
8571
3125
7800
8809
9333
5679
104
7142
1938
8540
72
9334
4077
4482
3179
6850
3301
7054
4765
2345
4608
8778
1332
2275
1924
47
147
7787
4930
7489
4196
1334
5664
1217
6161
843
1920
2816
9757
9131
1906
799
7881
5466
6462
8796
1797
5898
2282
3628
2148
5614
1296
8012
641
5544
9587
6549
3173
3575
9714
8132
497
2718
5242
6762
164
4295
7391
7239
1761
341
4493
3961
1752
1230
8276
3431
206
2364
2166
4696
4575
5774
6746
4681
1703
1515
9820
4458
902
9829
9588
6253
4271
7832
6186
5611
2984
1109
1946
8203
7101
9829
6785
5830
1709
2174
2568
6159
7494
842
1605
8645
2891
3978
8021
1542
6773
6518
1364
431
2098
7335
108
8441
6744
8447
9088
1300
1955
5053
4205
9326
9888
352
2451
5645
3091
7290
4535
7638
5632
8890
6457
2171
2133
8189
7240
1581
5306
8367
7391
2458
5868
5327
7760
8807
5090
3605
5674
8533
5943
4389
7794
2073
6842
9413
3896
7621
3630
7979
5005
813
5198
5181
7186
1083
9097
7546
1763
159
1773
5431
569
1276
3506
3721
837
6623
7861
1196
476
2492
7020
2824
3242
9895
9442
7357
1211
5287
7682
670
4344
9417
6797
1567
119
5311
8321
4906
9514
9801
3633
6235
6546
4196
3131
1170
1106
7172
2265
1997
7456
8409
3792
9478
775
9638
4345
2836
3794
7601
3567
5906
6872
8699
1713
8997
415
217
6846
8954
4317
4265
2797
9899
3224
8002
3152
7226
3106
334
3744
170
1909
4306
6154
4200
7810
3740
8534
5794
212
6889
9699
9054
7293
3071
8331
3028
3993
8785
9870
701
3414
8160
8233
7000
2962
9773
3997
6015
3033
9611
6577
2235
8576
8136
4487
1987
8593
3231
5534
1734
5900
2720
5511
4333
1534
9561
6192
9337
6747
5412
4416
9892
9069
3528
716
9379
7694
6347
6090
3691
9902
4262
409
5496
7354
5526
2782
2270
3715
1688
6556
1635
7633
5941
5186
4336
4957
9615
5598
6392
850
1214
1818
3692
7159
3588
4844
5611
9048
2859
2853
2561
3974
8834
4726
998
9413
5316
1464
3394
2654
8972
7725
8771
754
2742
421
9708
756
5867
3824
9514
6976
6987
564
329
1157
6467
92
7357
9636
3637
8903
6356
227
1499
6612
2587
4504
5068
7037
8743
9395
2714
5757
5002
6040
7624
3941
792
5570
7365
899
85
515
7815
2001
5071
918
8003
2304
6802
3947
9670
5962
5779
8025
5115
354
8976
6164
7309
8334
9110
7291
73
7666
664
2643
980
8162
2828
6072
2087
157
5783
7136
1280
4593
3923
2453
9489
4708
9703
9305
8865
2606
9221
2690
7590
8695
1188
257
590
2610
5584
7408
3682
4908
9738
3789
5830
4288
47
9955
7037
3534
1083
408
6909
954
1903
9271
204
3831
8238
5725
4762
7294
8861
501
8921
530
9987
9696
5410
4263
5906
2816
2991
5880
7494
7362
7287
6058
5397
2303
9185
233
9107
5403
4049
8310
8711
3239
2517
7975
1178
525
1434
3430
1089
9745
1619
5704
1432
8415
4692
2787
2878
5941
1348
6454
8341
7235
6882
718
6823
6432
2152
7321
3596
4179
8088
2626
3983
281
9696
462
2831
2589
9622
8647
500
7466
2166
3775
6238
8015
8753
2825
4722
6764
5296
8502
4618
4837
8093
1774
3416
7828
3588
2347
2020
1153
6694
3147
4239
1671
6448
4750
3896
600
8320
6657
2421
9702
4377
26
9709
6124
6455
246
8231
7016
6376
9026
2231
3385
6094
7809
8306
1720
213
5347
331
7904
7473
1384
801
177
4984
2453
7228
3992
1431
5201
6755
9651
7254
4791
8673
8644
873
7752
5470
3004
9337
1134
1828
5575
6462
5700
3315
7944
5780
415
8660
819
7412
8788
139
1461
6200
5697
8827
759
8869
1351
8551
7345
6893
9234
3804
2971
742
7336
3920
8929
8325
335
6493
9734
1909
7392
2371
2108
2003
7441
5468
7429
2778
6656
9843
4496
639
6689
374
747
9625
7491
3335
5771
3111
8020
4613
6116
2729
357
2817
3295
6249
3956
4327
8662
9030
3045
752
8769
6175
2474
2296
1083
7618
7479
2896
7678
3285
8795
1776
8875
7288
754
8726
1820
3373
74
3549
127
6156
30
7732
5921
3260
9844
4813
5554
8630
605
8980
8370
2250
976
6471
4543
9250
9057
645
7256
3650
1328
7425
2432
7902
1474
7753
1855
7240
9365
2160
613
7942
4873
8737
3831
5146
7143
1104
7366
1897
4534
2349
6232
827
2479
4345
3546
6064
8957
3848
5921
8038
8687
581
6992
5884
8440
1812
4791
6916
299
313
4228
5170
7021
2706
3586
3087
4843
6791
2234
6841
6573
8283
9011
3751
2169
8827
4809
2919
2948
9281
4456
31
6532
3641
7814
8133
1425
7013
6487
126
7348
3409
3409
5065
5789
8092
5344
1124
7064
5414
963
6574
8970
5167
5207
9674
3200
1820
4268
7897
9983
2016
6162
1124
9037
4749
6382
3108
8180
4918
7007
5149
9379
6840
7155
4607
8005
8550
7182
8267
5277
7125
4595
3963
4847
7931
4250
3292
8618
1506
6708
5739
2512
1864
5081
466
1089
6484
9478
1268
5925
95
6892
6531
171
3835
7685
9494
8011
2253
8420
1807
2784
4267
8352
8507
6278
5214
3765
3806
6189
2532
2953
1869
499
204
3401
6343
4395
8485
3607
7449
5587
3501
6831
4253
1684
3628
2695
3452
2317
7404
1253
7957
9424
1809
5586
2653
3375
279
8984
4315
5964
4409
2242
5961
6852
4827
9939
7821
6975
3261
3380
4720
6341
4062
1108
1702
2852
7420
3208
5416
459
7861
6238
5398
7390
4373
8704
2717
9806
8710
8594
8174
543
6732
9399
9094
7126
7775
4388
7413
2287
7269
8715
775
7544
1944
8662
9175
7012
9304
4466
412
7506
2552
9176
8561
7319
7895
3502
9190
8692
9613
8154
6744
6938
5242
877
4259
1389
8642
976
9426
4976
2924
1682
3484
2674
3426
4911
5096
1883
818
2028
6394
3264
1004
6943
6497
320
8736
8250
7819
314
1295
6736
463
5825
9918
4262
1145
8789
7845
3979
5059
4902
3880
1665
82
4870
7562
2103
684
3742
3289
115
4894
5544
5582
8703
8457
9689
4745
9494
2979
9857
4536
5924
4960
2423
3450
4775
1865
8677
5626
376
2391
374
4466
517
4023
4849
3360
1009
7561
8738
2153
8101
5370
31
3890
2800
2467
6794
8134
8648
9789
2023
4745
163
922
1156
769
4744
1463
5662
638
4029
9750
2472
6273
5030
6671
8284
8454
731
7814
7035
1764
5249
413
5285
2428
6112
3250
9553
5988
8905
9845
2263
7822
7020
9330
9536
8860
3212
1492
6073
5225
7060
6117
1568
8349
8117
4464
2562
1298
5543
163
68
6828
9898
561
7874
5147
6321
7834
8491
4832
8059
8841
4219
1095
9508
3637
4851
8853
3735
3119
9328
1345
962
4606
760
4179
9264
7946
7972
573
3941
3239
403
6853
2460
6269
1167
863
7140
2495
1300
7085
4974
7090
3153
853
9534
7389
305
448
4426
9286
6055
4147
8406
1783
1360
1751
7360
8630
4788
1449
8276
3180
9509
4121
6810
931
9116
3419
531
9443
3465
5983
1111
9820
7371
662
8808
6012
7005
9280
8437
576
4176
7161
4857
9923
2333
4609
8992
5055
4803
9956
3736
6163
9124
8166
9775
6111
9680
7376
6385
1220
4775
7376
1813
3918
3744
3320
4521
3416
9977
934
5996
9087
6147
91
7766
799
4658
3555
5786
8070
3691
1832
2885
5512
6294
8106
7908
7254
6268
3746
9711
6847
9762
1614
3513
9320
7954
3856
4906
6719
2127
3213
6609
3368
5851
1576
9113
6028
8929
5550
6754
5465
9903
736
2879
4544
8484
6199
8530
3368
5839
3338
7045
3404
4933
3731
2389
9924
5236
4334
4153
2205
3343
131
528
2009
5393
4853
3902
838
237
9671
4108
9211
3322
6064
9125
9358
85
6048
5664
9123
8996
3368
6438
5902
4385
9537
3668
6927
9010
4376
7882
2785
4150
4913
6925
7271
6906
8783
3604
1562
4168
6089
6187
557
1876
8695
8405
165
2725
1324
6307
8868
1188
5825
6554
2420
5204
547
1867
1527
7335
3767
9491
2099
8217
2507
5458
6430
5265
6337
6356
1015
1367
6278
4266
9854
4424
9829
9220
2788
799
2450
8836
4470
1845
8693
5899
1289
2523
4589
9424
6858
2772
4759
5613
7350
3516
9994
9935
5831
1299
8871
5336
2412
4449
713
9571
4799
4477
3193
6266
4140
9309
2668
1185
3324
4822
3864
4951
7174
3614
6558
3227
4250
9670
5748
5921
4283
2889
6252
9900
9029
4093
3932
2829
2799
6342
1939
799
3057
9515
1127
1032
8646
675
8478
4024
7231
1900
4835
5545
9118
4581
2596
9619
1205
2519
6425
4880
7410
8089
858
243
2667
198
6716
230
6148
3011
4172
5865
9314
1486
5460
2663
3895
4320
8468
9630
1812
6098
7746
2557
5804
8700
6732
4624
5292
7545
7647
3951
2921
6251
7848
3240
7174
5484
4266
5008
2202
7331
4341
6060
6449
1264
9026
4622
405
6025
9599
1167
8387
5529
5720
9177
1413
3824
6077
2807
7731
5036
1977
3124
6425
4113
3428
1636
4459
6684
1768
4062
6639
916
9026
4369
6718
5157
1175
2165
4865
7779
7586
9670
4339
4924
7394
5665
797
9026
3016
8695
9739
9868
4212
1012
1652
1914
7674
1113
6482
9650
4769
6203
2350
9884
4386
7620
5640
2685
547
8943
9065
1539
6233
9955
5411
2169
8956
7096
2744
1918
7780
3103
3208
283
6035
3351
5989
3890
8434
4702
4298
4698
4954
6802
9896
7815
3078
5437
3926
124
2092
208
6534
234
4565
9600
3192
6728
4934
654
4002
8955
9747
5690
9641
5835
6401
8988
6014
1864
2818
7067
2643
1986
2520
8766
5073
72
6395
5490
6934
1752
4109
2549
3567
7040
2379
2752
8379
3946
5747
4760
523
7333
5606
429
8158
9616
2759
9284
8979
5263
3679
866
601
5739
2873
2584
3381
3348
9190
1245
1555
7826
2724
729
4659
5847
754
4527
1146
7913
775
6011
4915
3398
6115
6036
4993
4578
2976
2880
6294
2144
5989
7956
4874
8082
3883
4548
6292
3553
1982
8824
3710
5759
9704
4503
8059
5112
4181
6443
9460
2213
5845
1129
8737
4340
8537
3950
6484
4564
9432
7373
489
1775
2964
1680
9986
9509
2916
7492
9525
7582
7630
877
4922
5500
2616
6243
8016
7556
4328
5404
441
5237
7924
8366
2635
479
1752
8336
2249
3820
8848
3843
7370
8899
6818
9470
7984
3737
3109
6190
367
3996
7371
825
1909
2237
9373
6669
733
2651
3132
5576
3027
1159
7941
9507
7967
9848
4883
881
4262
3394
1553
3941
6003
988
4845
244
9809
8779
8009
1478
3165
4076
8249
8766
8802
5662
1989
6776
9761
5960
6740
7860
2731
9238
9351
3151
8999
5611
6249
5739
4844
2786
6919
586
7479
1174
1541
3624
5037
6913
3889
3890
7886
5425
997
4473
1257
5621
7117
4285
5846
3425
3998
7525
3900
1144
6478
3901
2261
7028
3252
3295
8276
4315
3821
9812
9121
4118
4953
1935
2375
3919
8054
2303
6826
9703
2754
2884
7818
1762
3061
6619
8731
8514
1354
8970
1401
4888
1044
953
3877
8405
434
7848
1374
4825
3633
4405
1997
540
6351
9133
5002
6739
7095
3554
9550
6403
3569
4567
8709
8540
5147
2183
3663
3009
2560
6780
6541
9591
3831
7930
3128
1014
4527
3113
8468
590
8393
6553
4731
9981
9176
6261
492
5098
4082
723
1725
1935
7759
6528
4018
2331
5491
307
3350
9721
7457
9685
8448
9704
5974
2244
2035
4920
4163
7670
8421
7268
2356
6231
2273
9303
5930
191
8425
403
2364
8935
8533
2161
8976
8773
7399
2113
9160
8485
7593
2500
4242
3315
9840
3865
4031
5954
8684
5548
2896
9476
4481
7832
4668
2544
1140
6742
7195
3067
6305
4119
1804
3051
9568
1406
3894
7684
9522
2956
358
5465
5762
4947
1744
5950
2806
4465
1805
5644
5885
5266
107
72
1086
2291
4465
9272
4033
4152
1011
9261
2711
1434
9842
9119
1903
4756
1381
3707
830
1037
9825
7630
9970
7621
8556
861
8171
629
2828
1776
5936
3685
1047
1641
7280
9361
4506
2742
863
828
3932
549
993
9432
2702
2379
3191
395
7546
2907
380
5539
3617
37
7003
7679
8080
3442
6838
4786
8315
3937
7546
2428
8891
4506
386
6620
7205
8178
8813
5974
9244
6876
8682
701
178
7146
9018
2177
260
290
6274
9019
2911
36
5707
9560
6975
6031
1483
2150
4645
3626
7405
2690
2648
560
1777
4547
6184
6477
6013
3517
2448
6907
7868
5117
2124
8336
9391
598
996
2845
1491
8671
8001
2780
4137
6285
9979
197
7814
4980
3794
3530
909
3774
7757
7562
3914
4175
5160
7042
4355
211
3845
7180
8087
1476
9281
2750
2273
2898
6870
9682
4977
6964
2112
4088
5127
3535
5974
5388
4017
4148
1928
1605
5167
5496
772
7802
4258
3240
2805
460
5577
3845
8766
7365
1054
5702
3627
1988
8835
1849
8368
4423
9409
4874
5549
7779
6201
8144
3379
5037
4892
7635
427
8348
4176
9400
9123
7566
4639
980
1315
5173
2525
1936
3789
4731
2550
8520
4460
5013
4740
3421
6609
3690
5193
1694
5360
3052
1773
2746
6610
5376
1149
3785
4833
7056
8273
7070
2529
2368
172
9964
8879
6162
4807
2408
640
6769
555
4244
762
592
4972
9236
6746
6920
9851
5224
2579
8267
3111
574
8100
6226
8871
9920
1842
2912
235
8942
228
8659
912
4835
3700
6841
8825
1795
504
3963
9061
2215
823
767
3402
4734
9179
2779
4744
4613
2311
8803
2168
7850
3950
4192
7430
3380
214
9452
6863
9280
1756
2754
981
5926
1584
5942
1945
8944
437
9301
2514
42
668
5779
3754
4141
9013
1881
1369
3122
7503
5371
1588
7447
9139
7834
1641
8851
8142
7064
9345
7746
7151
2373
1927
3760
448
1473
8534
9921
2466
1019
1247
2620
2668
3248
4460
7225
347
7242
5450
7715
3261
6575
8854
882
3567
7230
7357
6400
8405
6010
465
3705
1028
7889
1129
1109
2051
8284
4592
9508
6737
6750
3145
4629
8492
3119
3797
5022
3788
2871
6235
709
6594
6894
3843
1987
1206
9304
2476
7940
9649
4788
6599
1219
6296
5947
6057
2665
1880
5485
8852
41
6226
196
6330
7338
6245
1345
4160
7475
5254
9383
1907
1799
9023
868
1115
5898
4241
3488
9987
258
6527
4694
3894
2742
5796
3798
6737
3256
5712
1459
7875
5191
2772
2106
6820
6300
7632
2331
530
8409
6215
4736
129
4783
9457
6241
3376
7697
7625
8712
9355
807
8187
1159
5403
6426
4570
9458
1018
9496
9410
4490
2848
6707
8897
1647
985
2280
7429
2669
5102
3164
6728
7613
8817
1863
7007
8012
7657
9567
8889
9550
2719
7352
5214
278
5114
917
438
160
3648
4823
5508
1778
5332
244
8122
2853
8378
7188
2796
5839
1369
6153
5824
1341
384
9190
2802
3314
5231
6669
985
875
4587
2957
6537
9923
6028
2713
549
8871
8578
6644
4649
3019
1289
6115
3593
693
7279
1108
6006
1000
1535
4918
6957
322
7770
4316
4960
5680
2713
9527
312
7261
67
116
1282
2526
7427
1545
91
8374
3631
1664
785
3620
1203
3664
8348
7136
5261
5712
3778
6216
4053
3373
1414
1791
2844
3754
4542
9739
5328
6836
9358
4838
4922
8118
4434
4764
9137
7642
1185
9049
7506
5583
2769
8658
3222
8820
512
4033
756
9710
279
4021
2438
7878
2827
3906
1394
371
4313
1421
7180
5366
1877
1793
7205
6569
9524
8388
7818
4179
6309
6830
1140
9514
2618
9249
4733
5599
3113
9890
7199
9683
7646
1974
938
2312
733
7572
8996
596
5142
3453
2736
7933
7731
911
1320
7449
7740
794
905
8418
3345
5405
6182
9070
1553
2234
6131
6644
9342
5164
4176
3205
7511
3719
1790
752
4814
3232
8432
3381
5212
6442
5117
2659
3996
5565
7304
4673
1993
1199
4924
6974
6299
8717
6829
2683
1246
5369
156
6099
8233
8228
4848
6401
6854
9260
2908
8608
5722
8537
9961
515
4799
6014
2484
6158
2054
9386
3300
6183
4051
6242
9791
1834
6103
5506
7998
9650
2230
9882
8399
446
6176
2878
2317
3685
4808
4200
5399
5248
465
2667
915
3093
9658
1329
380
6393
3767
9647
5459
5115
8375
8061
8552
7816
79
5622
3428
3287
3727
3916
3535
645
7272
6647
2189
5204
4482
7410
5448
3646
6254
9735
2907
9171
2440
4328
8132
6195
1138
9039
4268
4543
194
1414
3147
4957
1991
8580
3723
9597
5079
6602
5176
1919
7945
7883
6935
6032
5359
2010
9419
2054
4169
3901
8927
3315
650
2792
3955
9859
4049
1427
6561
5686
2640
95
4133
477
8508
4529
1125
6462
2205
5238
8059
564
9457
2012
2050
3126
7810
7994
2686
4505
4805
1051
4872
6457
8087
6347
2711
9744
6090
7538
5704
609
2948
2213
6343
5732
9713
2476
7953
5628
7895
1734
3907
2334
4598
8202
7563
1081
2098
9057
1577
1893
5461
4346
1369
4981
4271
3955
1319
4320
4790
5544
3471
9191
999
6278
3071
3387
7073
7983
6994
8267
1876
1073
1869
2417
9031
8654
3650
8473
1855
9527
3041
434
6470
5952
2284
1396
3264
5337
4156
6213
8165
4876
3745
8052
9743
4526
3179
5433
1348
5280
2510
5092
2715
3216
7934
2977
1344
2039
5145
3144
7078
7017
7776
9313
7959
9599
2477
6656
9763
3528
7649
453
382
153
8564
410
5981
9164
7452
7673
5282
3465
56
5260
6987
3773
5132
3077
9019
8550
8423
110
2963
9702
9728
4355
8207
9132
9988
7366
9542
3778
3449
8940
4948
5321
7102
8649
6807
269
2722
5395
7927
9283
9023
8418
6849
9015
7744
7812
8840
8235
5880
9051
8649
5944
3146
5059
1046
2018
6090
9791
378
9067
7297
2216
8407
2758
2551
5219
7431
4368
1804
7995
9127
5806
1962
4469
717
7019
2239
8736
937
6504
6733
7819
689
4603
6253
8714
1488
3343
6055
2817
2242
9234
6385
6351
4315
3783
2648
2667
6086
370
8903
6619
5634
1970
9577
6018
8237
5630
8485
7974
7831
1264
1307
8081
9330
5488
156
1530
8774
2819
7435
5245
4062
1070
337
5691
9225
6141
7256
8002
7095
1690
5180
4534
2199
8786
2674
6438
8937
4729
4082
6714
9178
9068
279
682
4974
6231
6397
7949
1533
3964
1345
6520
133
2047
7557
4219
6390
9447
1013
6914
514
450
7554
772
2584
5656
3701
8519
3768
7426
3095
5247
3908
1477
2512
6603
7592
8422
9924
3575
8492
2682
5034
6969
5402
192
7406
7474
3120
9931
2853
1698
7502
7548
3108
1193
4214
5084
5769
8859
8262
7271
5396
7370
8272
4298
2254
7597
791
1280
8842
1521
4821
7974
3533
7461
8983
3477
9728
2513
1758
7983
1487
2326
4100
8731
2412
746
4651
7434
7723
8502
1216
2320
4569
484
6470
1344
9901
5450
281
488
1228
6084
3523
1761
7868
2212
5806
4329
410
197
8204
2659
32
3382
108
7710
1335
9827
5228
6839
4056
4361
375
5617
3873
7422
8437
8056
6638
2893
3055
5212
1530
9374
751
5864
5276
9715
5579
2762
4132
6542
2684
4504
500
1699
7956
1221
5377
2379
3307
9787
2856
3050
5499
6044
284
5852
6095
1550
8352
3184
2124
9111
5651
5713
3605
841
1441
9585
580
7499
1201
4888
4874
3353
4259
2806
1370
8692
4429
3074
6072
3957
8745
8269
1600
8495
7676
8120
3061
5326
5721
3223
8769
2985
5686
7259
7223
5182
7316
8168
9081
3713
8994
7428
9432
2971
5888
7760
6958
2729
4324
5618
1025
3743
314
5854
4022
1388
4725
4497
1997
7344
4018
6436
8146
4106
3968
4868
9614
264
5358
4231
1957
3492
2401
2212
4628
6250
6537
7565
804
354
8366
5983
5303
9122
4951
8398
8498
3252
4131
497
2868
4922
4678
3282
7282
7810
2542
5066
6172
5315
1531
7511
1347
8587
426
6951
8829
9685
7322
6546
5792
3424
7436
9370
9095
1725
2375
6598
9704
4919
7649
859
7847
999
2160
9187
6603
2865
3079
4605
8199
4973
3835
5802
4322
8324
8606
835
6614
485
5079
2527
1375
6445
3798
2194
9127
747
326
1047
3968
8745
6109
7851
7455
8781
5034
3164
4269
5805
3376
2221
3087
3869
9598
1550
8792
8542
8455
9790
2175
6703
5503
1572
6499
7697
8586
3490
4437
5708
5121
7093
554
5311
7872
4082
8570
9615
5207
1728
5879
5272
8561
1968
7314
5446
8545
6677
4233
2360
5073
6730
5631
6657
6035
6349
8230
1278
8651
8557
6020
7691
9334
8460
6618
845
5706
3092
5300
9263
1911
8096
3007
1760
9152
8046
9460
4464
8631
454
3398
2780
1746
7158
8416
8918
7884
6120
6143
4327
8296
559
9541
5991
9140
1893
9442
3436
3636
1108
902
5883
5921
3535
621
7066
8484
599
5454
1054
8310
6867
9150
2188
5368
3620
1397
9678
1265
6149
2184
589
7946
8720
792
2062
5834
9655
5054
7033
3944
4627
5039
4213
4618
9724
5853
2023
6823
3681
7786
1002
7400
8266
1778
9874
8269
6122
8583
909
9570
7205
9458
7357
8836
1485
7730
5316
8023
3848
6097
6405
5901
9013
8841
7377
6283
5313
5624
8416
7970
9226
8932
679
3090
3657
2890
4223
1426
916
4682
6304
3948
900
1503
5463
9077
8528
2426
9893
9447
6628
7771
1398
1332
1125
652
3034
3051
7406
631
4441
5686
4833
8606
9529
1003
5492
3932
4803
9807
3461
7583
9800
9984
6549
8809
5536
6234
8042
6380
2360
7882
4930
3179
859
1703
630
8945
8535
7649
5961
4209
451
5082
9599
803
2689
5791
8602
6653
4144
3250
1660
5007
2408
7455
8443
8259
8191
5812
9563
5104
3987
132
4410
9319
4270
1271
9684
56
1423
7871
9764
8372
1001
8987
9008
5569
110
7411
4438
2456
3612
8670
4640
2605
7104
3369
1957
2055
963
1000
2726
821
1486
2884
2681
2328
7590
1041
7502
429
5905
8471
3543
1990
3096
1073
7932
4087
4480
9587
6440
3411
8048
5615
6743
6693
3332
707
4788
5739
7098
8886
42
1857
2890
2851
1931
3405
4293
4106
4186
8575
1565
4566
6146
9579
7981
9705
4308
5439
8500
3020
1379
8574
2387
7824
8986
5640
5349
3073
8707
5115
48
6700
2525
9962
4176
5549
3724
6269
4107
3474
5688
6488
412
4980
3603
283
1811
1570
4158
6410
7687
9884
7655
9576
48
8069
7658
8909
5895
5475
7195
561
5857
5169
461
4408
3912
1290
8722
9490
3515
2411
4581
3141
1995
2102
3658
4734
2477
4456
9110
1242
101
1639
2882
3216
9136
8890
1100
4442
8512
4736
1034
5196
282
4722
8012
4272
7591
87
153
1475
1291
5934
8128
5341
1852
2891
4585
3725
4032
8226
5488
8872
3809
7638
1062
1709
9716
1957
9795
915
7929
4433
630
7394
3407
6444
9290
610
1763
6543
6791
2685
4445
9358
1682
1308
2207
6811
3816
8377
3417
3702
3717
4784
4297
9324
8031
4432
7824
5097
3245
4795
796
6478
8625
1476
9682
867
5178
6673
78
4966
4938
6306
9044
2138
4768
631
6839
2220
2192
3726
4111
3415
3770
3904
1877
3800
4508
4831
2833
5941
704
5212
5332
1901
9418
9992
541
4123
1501
5591
4403
6457
3762
2083
919
9435
4894
2166
9700
6862
8698
6061
8482
486
7326
2503
2995
7181
4452
259
409
3005
6200
5707
8487
6897
8305
508
7820
5306
4942
4630
8135
1354
3027
8549
4528
1062
8223
7719
328
6718
9756
9819
5791
9112
2636
1742
5309
7862
7283
947
4753
1189
3582
9331
361
5311
5060
7002
5995
9998
6779
6080
9175
8457
2981
1570
1274
7057
9448
6366
8753
2163
3646
4076
8009
6297
3218
4903
9833
7967
9829
8239
9928
5517
1587
3818
7416
9323
8851
273
6707
3684
3413
6670
1039
2858
9734
354
1676
186
5592
3714
6474
4693
6138
1428
4765
6483
9201
6499
2121
2903
4601
5919
7632
5765
2001
5158
6681
3727
535
9021
4190
1865
3520
8462
9181
598
7028
8747
8097
525
1952
7965
7247
8240
1464
8839
1419
5175
7273
3766
893
6554
5201
6306
2148
2783
3826
2784
9084
2138
2198
1454
660
8837
3886
8963
232
5805
2080
9790
3211
3733
2865
7894
3553
6073
2559
2389
1670
9447
5991
1432
5619
8080
8051
3385
9621
8209
4306
8692
4528
1625
2286
8899
4156
8011
7485
2763
513
7654
6836
5428
227
1058
2713
7177
3402
6599
8528
7896
2056
7686
810
735
1134
9710
6675
8084
6969
7694
1612
7906
8496
5020
8783
7034
4569
3298
1454
5286
3867
1666
2428
7658
3021
5836
6696
6631
7822
8081
8200
3452
1751
3468
1067
966
4480
5611
8416
990
3910
7842
9497
9233
2370
399
3862
4111
3259
6216
8586
7681
9212
6678
2350
4958
7686
3162
4572
4157
9266
1101
1497
7632
844
6839
7091
6582
7080
3186
4879
4652
8909
8063
2227
1746
8965
9652
2139
1371
5180
2288
3948
5936
3593
8934
7203
6980
2937
3588
8347
2398
5192
4644
9069
5796
2890
1612
6588
9847
8262
8384
1124
2799
7354
7290
3154
3781
1341
9870
7303
8932
1959
9206
6973
4868
5824
4665
3070
1491
3496
3714
2862
7823
5794
2286
8651
8958
8441
8206
3961
4722
7338
6977
8872
491
6567
1088
4516
9441
7356
8778
8329
8404
529
7967
3743
6552
6705
2902
9640
6334
3301
5998
2036
2708
949
1587
9651
7330
556
4268
1566
4689
6275
2637
6940
8774
6810
4623
7121
4181
9449
1891
2987
4942
6566
9429
7201
2570
6832
7193
3171
3253
4395
5272
8234
1692
6605
9865
7194
1108
3039
9437
556
7542
287
7498
6441
2261
9563
3043
2444
2216
4647
6498
1434
2498
1533
2175
2633
5372
8980
9422
8625
8119
6582
9633
7868
756
1358
4265
3693
6079
6693
3675
1779
3839
388
6688
5948
5954
3024
1160
8545
4821
2129
9239
7122
8713
6239
6549
1655
6831
1268
9583
5097
7387
3248
6472
8747
8529
3253
5385
7697
571
5208
8183
8935
3404
5172
4586
9061
1347
1688
6362
7501
8756
3848
8787
7049
107
7366
2362
8360
3870
6977
2046
1854
4444
1842
8176
3466
6081
6649
9968
1808
2051
324
8977
8264
998
4295
7407
1144
2206
4070
9977
3194
7968
7328
1195
5782
7339
4767
7724
1709
8246
7528
9785
8020
5580
931
3814
9852
1621
6692
2025
1774
7441
1571
1575
4619
5375
5557
7742
3167
4195
8829
6744
7092
2075
355
8315
7581
562
622
4208
7259
7203
2021
112
6584
9137
8370
1732
6220
6443
9285
6322
5377
8336
2603
5472
6125
3089
5844
8378
1987
3939
649
9860
1686
7470
3517
8589
807
3842
6155
7772
284
4010
342
2164
844
6923
6486
6009
1662
6473
2785
764
1070
5638
4892
6352
182
9021
4670
4049
7772
7441
4697
6817
9682
8126
1531
1145
5483
7038
8642
4321
948
5981
7813
8024
7007
3809
1260
3912
5827
3626
3290
3583
1180
6908
2483
9905
1544
7388
5606
1546
8504
222
3060
6628
1318
6437
881
7814
2882
4871
736
1117
8320
9622
9001
2693
1226
97
440
8190
4368
9522
1761
53
4901
5848
1994
2520
7306
4104
8994
939
428
6815
9136
915
2743
6690
458
7456
2155
1899
3338
8114
7756
7825
1333
2450
9725
9524
3659
6744
5714
3000
5515
2953
4113
1365
9369
5281
2923
8120
3995
4163
9126
3921
8987
8634
4187
5233
6453
9031
1499
8390
5668
1549
3385
2040
2912
3484
9665
8107
8615
2175
959
5909
5478
9292
4055
1270
1236
8396
6278
6323
6724
9388
1186
8187
2005
3351
676
7452
7612
2682
6121
1390
1350
5248
4462
5887
9673
8387
788
967
6917
643
402
7340
3046
5795
3749
108
6670
4616
1348
9542
2209
7674
1682
8865
5686
1744
4950
1616
4948
7689
457
6783
1086
1631
21
3149
2111
1162
3954
8690
635
9777
8979
8411
9250
6912
8924
5694
8502
2051
426
9847
5101
7215
4185
9523
3736
930
1748
4129
4914
4218
9783
1211
6862
9348
3223
7298
8793
611
1889
451
5731
2205
8898
1512
769
4017
9939
3743
3843
5226
4855
1589
7990
5986
8540
9577
3764
1717
6608
397
6987
2021
3758
8261
1048
7603
8589
2080
9858
8788
1560
2097
6160
548
9487
174
5716
9677
5577
2820
8568
1853
5488
9053
3782
4247
6276
2474
7920
9148
7044
9985
424
1720
3745
2760
9652
4342
7106
621
9368
8367
2156
8260
7197
6632
579
8160
9324
1457
8434
1256
7942
9840
685
8837
3112
2640
460
6752
5484
8765
3538
2128
4176
8278
5604
6207
9767
3529
9613
1535
7700
4989
5865
6409
5486
8569
8756
3724
1561
6902
2259
8110
9322
2418
6531
716
3285
5640
2212
3537
4262
437
1851
2839
9545
4304
8928
288
6393
3556
3400
6205
6819
7363
4796
5994
677
7488
8559
2275
8037
6325
1124
9077
2113
4499
7398
8888
9033
1049
1465
8410
1949
3919
6805
3105
177
7146
4115
4655
1155
578
8931
5893
4755
551
8198
2938
5837
5483
871
808
1912
6091
4377
2875
346
8930
9209
8949
6422
2046
6062
7378
8404
2059
2389
6934
3800
588
5953
2735
9023
3404
935
9814
9512
3583
9036
4565
7990
4720
332
904
8330
2810
9455
3939
4349
4626
5145
6293
7429
6546
8421
6796
4433
4734
7192
1834
8865
6524
9897
7475
8210
6590
5970
9789
8078
7321
1213
5896
306
957
8689
1454
5634
6652
6036
2380
4212
1636
1634
5039
4865
2194
3454
7221
8823
2199
7463
3784
7091
1632
5769
4323
7714
2846
6562
9449
6621
5273
3574
2720
5937
3377
6087
2919
765
3276
188
7612
9971
3707
4677
6801
7974
4700
188
5266
2076
6781
1551
6373
4108
4013
5527
7836
3156
1883
9237
1373
4654
9734
8212
9470
9832
7197
4076
2267
4825
3907
4339
8306
7414
360
6060
5026
3352
6824
7500
8985
7377
1638
5687
8457
4155
7461
1321
9332
5292
700
975
3728
5359
8630
9540
1395
7254
1862
7787
2556
1277
9306
6199
4667
7837
1050
1992
8644
5872
2177
7258
3349
7037
5226
9720
2203
5941
5019
9211
2947
3491
7737
1298
1631
4543
8254
8016
7747
1225
3112
4969
7718
7081
6594
5347
4599
9679
1012
3110
4022
8489
8941
6862
1481
1101
2585
841
3998
2641
3002
1998
8494
344
9379
2933
5992
7622
4662
8239
3963
7010
4794
2943
4593
1710
3774
3144
1302
6440
4578
6508
5560
3651
6807
9183
6738
6298
1347
4450
4518
1759
1494
9227
2395
3051
2009
3940
5975
6280
5057
9333
5732
9581
9242
3556
7915
4771
656
4629
7072
2355
3451
2509
955
7463
5336
9301
7582
8699
6603
9548
552
5876
4921
9412
3403
9081
9793
2801
111
2515
9381
785
2594
545
6588
9676
6413
9837
5255
7180
8191
8036
1005
8262
1187
1653
2173
4070
6370
4081
2651
5512
8807
4072
3967
8611
7331
9366
2868
9350
4547
7508
7457
4768
9442
3109
5479
3556
3703
3523
1128
1263
3391
8035
1731
4017
7124
4256
3171
8574
4818
3516
4870
9092
4163
5116
8210
455
4865
9090
3397
7817
9354
3538
6404
6588
5474
4458
1905
460
5638
5489
6242
1730
9099
9149
5650
5769
6987
2317
9699
3492
7846
4038
4244
1552
7356
5969
9175
7708
4470
6153
9455
1522
5807
1959
6193
5402
2780
2388
6633
7150
3082
5575
3416
1260
7405
3025
3804
6262
7325
9485
5626
8276
5331
1957
5402
3299
4090
2677
2867
9323
6215
9670
5022
3138
775
8975
320
1593
9065
40
3568
2047
3403
507
1573
2271
7607
341
6982
5901
169
3095
3511
8093
2050
1069
2180
2721
3937
9129
1440
6204
979
7679
4167
1881
1542
9122
5417
6558
8055
8864
2464
2560
3391
8946
122
8314
9645
6554
4594
4336
1380
5648
4904
4270
8255
7144
5903
5328
1777
6938
1577
8394
437
8632
3242
938
8750
445
7471
3657
2352
6442
3594
6163
3370
2288
1634
5707
520
2836
1743
2150
382
572
6116
6543
63
3323
7857
6650
8885
1979
9074
6312
1988
3456
2153
8086
1450
4763
7642
6435
9507
8203
2854
7010
7945
2407
1666
8604
9744
2209
1869
1019
8646
2557
1723
4271
1191
8431
6592
1295
7952
9227
7629
8014
1558
1454
5309
740
83
5162
4552
8685
8957
6530
555
9835
8858
9352
55
1694
2650
5033
7024
8270
5003
2901
6379
3444
6453
7883
5222
5538
8667
1442
7320
3583
7399
4345
4210
7217
2289
815
9972
627
1771
7301
9109
230
2380
7408
4105
9678
5653
419
9055
8276
8618
6992
5389
2303
1800
4984
2139
1735
5142
7475
8610
9759
7005
145
1543
7373
2908
8440
3200
8720
2462
7973
7073
8526
4444
6020
8164
8075
1366
9577
9969
6745
6627
9373
9886
8371
6176
2130
6509
4308
9401
3795
3099
185
1853
5881
855
2519
8732
1904
6995
6916
3987
4154
1373
3705
6453
2986
5293
8823
1485
8922
2520
7742
9423
7051
2259
6885
7448
3131
4836
2685
622
4497
9243
7814
7316
778
3135
3274
3425
3214
8364
1890
2875
8376
3597
236
4893
7318
3732
2741
7354
2694
944
2317
9197
5118
428
1062
4662
754
9505
8256
3817
865
3614
8943
6739
9570
861
2417
9376
5925
5442
5796
6896
2614
924
7528
7721
2100
1152
8814
1393
