6000
18632 11087
3821 11286
9606 5281
6596 9072
6884 16845
1944 1182
15622 18832
9642 7084
2127 585
17018 12180
10046 7766
6506 8000
1946 3611
16748 5676
3740 4293
702 12808
7712 18271
19816 18313
11841 1156
16587 7212
892 2360
3878 11268
4878 14297
12375 10356
2175 1063
12605 3879
12374 16087
18396 12629
19876 8403
15574 2973
13452 12268
8222 19146
1097 4167
13401 17099
4685 3927
9308 14139
3011 1786
10748 11593
9114 14916
4223 17165
18882 14259
14804 8776
6278 10565
5254 13760
3790 14379
5668 19320
17312 6654
15700 12419
15720 788
15505 10782
17227 19192
8635 2286
7164 2862
15621 18230
19289 437
4932 548
18442 14371
14808 5518
6073 15021
13723 10918
3332 3062
12709 12855
13222 6536
1023 3630
14622 13507
12130 5370
18032 15892
1479 13330
14269 15931
19734 14360
15665 12070
7594 16898
13157 17655
9967 14310
17830 18057
18778 10478
195 5451
14889 1925
8340 14215
6218 17935
19453 18179
3193 17367
5243 8092
17289 5152
13659 8086
18135 18629
306 16843
2055 3527
19030 4280
12229 13657
11093 985
16669 4555
1568 12433
17448 6256
17961 10338
10786 13539
9606 9346
18842 356
2986 15295
1385 421
14155 10422
1445 561
7987 5743
4374 19178
15274 11247
2599 1977
7595 4113
13410 11247
14412 13929
1467 14304
1190 3352
13071 14641
1798 10800
12962 14535
8909 5928
1682 16044
5229 4040
16129 2011
14469 19067
4230 9302
16560 429
3268 12677
17492 5318
9313 7159
19228 10486
17674 9665
14935 7283
3981 6357
2627 13474
9121 19032
13073 12443
14007 7730
8657 7938
4077 2633
510 4108
10591 17573
16484 17912
8335 7892
16316 3345
1928 15443
16772 4255
4644 13109
11650 1231
16896 5655
17822 13360
15803 1588
846 1620
7286 10741
6044 10362
16956 11170
3093 17213
18088 11972
19479 13229
520 2324
10198 14366
6455 18968
9666 4801
4281 19857
19990 17943
17423 13687
15983 18183
1856 11430
117 8244
9221 4270
7757 16556
10012 9295
11739 7339
4124 15626
19765 4157
4196 5725
12680 15397
10827 11923
7462 11925
3002 1059
16927 15572
4571 11841
11235 9757
6969 15674
5892 12661
1827 17769
10390 18599
7847 11224
16156 11668
6482 5361
5796 9056
9677 6872
17824 6568
14128 17423
7567 10728
11710 1404
10411 307
14903 6378
1635 10214
17698 15591
15531 3194
4912 18401
67 15371
11780 2218
15487 6642
10403 5245
18185 13909
252 14166
384 6156
16608 6577
14350 9507
18366 1624
12782 2172
7137 5481
4671 18567
15915 6443
11185 12525
15728 16482
1199 13542
6210 11745
5227 16461
19727 7474
15554 1870
3206 2730
8613 19447
6 7803
4920 12231
18897 4705
8071 6840
12285 19798
19803 18854
784 10546
16751 2032
14486 13168
9975 16151
10053 9774
16698 15800
2507 14338
8666 13985
6040 13464
13113 3347
9061 4606
19770 18245
11791 2542
13066 18793
12 19210
10585 16870
7715 12304
5574 19782
10253 9318
13340 9565
12171 13965
14229 2371
3662 315
4731 3437
19322 7147
12761 8282
18457 15440
13737 18464
8732 6668
11048 7387
17514 1563
19827 19825
4116 19453
2049 7224
3666 6257
14083 15882
17076 10199
1546 3020
1445 1432
14921 1931
11460 4270
19225 18088
1611 11748
10781 13150
14135 7337
16421 8538
11308 8866
16489 8975
8077 2842
6748 11768
12121 1071
4747 9875
7174 12953
6182 2458
5140 11382
13581 3920
8357 12999
3629 539
16230 12186
2886 4561
1805 4071
2201 19123
8621 9559
18366 14831
17371 3908
6240 4451
1718 1345
5782 14610
17652 8115
3810 3049
14710 13442
14297 296
5990 9095
6413 10020
2423 6015
781 1635
3459 1192
4264 2431
9889 19845
6800 340
18946 4957
15211 6069
16062 10589
13715 11286
18567 10379
2406 9845
1311 19669
12271 996
13660 7874
19003 2094
2715 14987
18067 5078
9148 10479
13204 17501
7796 7333
827 12776
2081 15573
275 5834
2551 8023
12936 10621
16801 15591
18815 11048
3701 18781
16441 16888
7411 18519
6406 12959
1674 19567
11729 13719
16451 6946
3294 18941
14130 19336
4968 14203
2176 6285
18644 2336
7951 13211
3982 15753
15910 3321
19485 18241
8110 10223
11063 19717
17067 17361
16352 5460
16314 17628
7314 10545
8948 6551
1691 15239
3512 10372
5096 11416
14600 3335
14030 16146
9728 8487
19748 13114
12556 11764
15805 13595
1444 5258
18001 8387
16954 8821
11139 8610
9339 11913
2169 17599
4626 1583
5682 3257
14201 4334
19771 15535
11169 8704
18103 2098
16626 11537
13090 16710
17488 3602
17704 14905
16143 18096
15055 12220
17399 14512
12112 19644
13725 14827
7408 13883
2544 15586
8157 16802
11304 5225
14846 3262
15263 621
6733 11684
19292 18661
789 2690
1343 12959
17171 12307
1436 14224
19867 5441
12768 15220
5655 5132
18764 618
13891 9259
9893 12981
5448 6289
6024 6779
11557 9038
5508 7140
3771 5624
8255 11749
320 17303
14769 12153
4285 14699
12332 12270
11216 5371
13075 12024
5707 3366
7031 4072
9000 18591
14942 12294
16878 13009
12274 5134
9601 1990
7097 12753
4419 4157
5166 710
8752 4424
6185 15855
11704 2431
6553 12702
10014 5302
3347 6385
19513 6396
17262 17917
16276 7303
1218 15656
13824 3351
12856 4622
7027 5870
1016 5156
7029 10040
13834 389
8940 5379
4884 7542
13109 10714
11662 13131
15568 15893
14409 2190
3778 1774
13557 5303
15937 17268
13761 15578
3533 15362
13575 46
11432 9607
4948 8619
3870 10589
7321 965
11273 8549
18060 334
2076 2156
13970 7474
4918 10616
9374 5851
10004 8819
5552 2166
17860 16987
449 8676
578 15066
925 7249
6959 14278
4287 19531
15171 6252
5546 3796
9996 16764
12931 2877
14331 1775
600 18669
2189 5782
16322 8708
9470 14123
5948 14300
7521 11590
19999 17467
16858 855
9583 2071
5238 6853
4869 403
18512 2398
59 657
14361 19465
4023 19518
17168 14850
10455 9669
14333 14743
6041 5974
7134 12404
19788 10638
5556 13115
8521 17082
5716 10923
4447 7544
10000 7159
6742 9405
13914 9828
13852 13055
2412 12947
11486 10487
7876 205
18253 13431
14773 11483
3614 7176
5750 11125
4932 10686
6518 14856
4102 8282
3378 11229
2145 19260
17317 7694
11039 744
7149 1349
2772 2349
520 16363
12671 18901
13600 256
9773 15363
6244 6787
11437 7476
3767 1621
2846 1519
1404 2659
13730 15680
2134 16769
9953 13244
16559 8961
16054 9742
13450 16425
1802 20
19869 4419
8540 12226
4915 7606
13179 6817
18048 5354
15013 12879
17033 13772
10154 12886
14273 1429
9782 3096
19833 5601
456 9374
8714 3230
17558 1812
3757 586
11123 16940
18387 12977
17274 15147
7031 12073
8751 4626
14564 2265
3270 10103
10134 11820
4894 4700
6036 6486
6834 354
4236 15435
13380 14995
14954 2805
7908 1918
18233 5738
2128 8288
11611 16359
6748 18038
18275 17093
2767 1795
4147 17807
19671 15365
16009 7887
15298 18104
3353 15505
6573 12046
17447 1603
17211 7357
18523 14286
10080 12431
8161 19082
15660 1396
7896 282
14846 9970
10896 7658
8465 19259
19482 11659
613 6435
4097 1181
3039 12049
1446 18235
9532 14892
5243 8833
11728 1032
19380 17947
15669 14074
1497 8421
1202 13636
6181 14541
3287 15717
6439 18370
2715 3261
6814 18000
8787 12146
16461 2146
5025 6494
19699 7441
17128 660
11582 17578
8231 16425
10766 8851
3595 18840
3471 72
7915 8107
15453 17439
2984 3883
7026 13975
2006 4376
3214 376
9372 10873
17793 13798
18547 898
5622 11975
16943 16957
2695 2568
12552 5651
1768 10115
16931 14812
18320 16619
5218 266
583 6444
10994 11460
91 18820
11874 12706
3334 4437
16429 14813
10827 5560
4493 16418
18154 19674
1784 12771
11592 10566
19253 9115
5130 8569
931 14448
14307 15334
4172 8631
4604 9412
6044 11726
10595 4630
19367 2144
19743 15410
10142 12246
15614 16586
4495 18515
2228 4207
9229 3891
16509 9207
12508 3611
7541 7652
6843 6037
12020 16520
7433 6243
6820 15772
1296 10127
5815 10923
11113 11359
315 1356
1472 19150
17520 12627
769 19211
17866 17292
16295 14396
19026 2092
10473 19140
19240 8011
11488 10802
18118 1183
19634 8735
4217 13489
10201 11016
13289 9509
14610 499
10910 835
3329 19322
3853 2455
19822 7115
8681 16380
9439 14181
16138 19971
1685 19022
10732 12354
2164 13083
17646 4418
10110 13002
981 16625
12477 9129
9351 4711
2417 2925
17309 15609
16654 16561
8138 5856
13370 7632
14956 10734
6333 13242
15909 4398
8630 13783
12570 2166
14242 10126
16317 19667
16702 5161
11534 16592
18801 8280
6542 12985
16334 1338
11059 10444
2255 4379
8708 8805
12999 7300
13604 14968
7532 9071
2714 3192
10637 15511
3650 1995
6615 4768
11962 7827
8724 8129
17229 10244
18329 7953
19257 5633
16264 5769
8839 8962
13291 7865
2550 7036
5798 16131
4342 4624
16949 7593
13978 13811
2398 13323
5729 6192
14336 18885
15212 6710
18090 4055
2413 1421
18678 12211
18566 7279
9151 1676
2993 19535
14329 15468
3179 8255
15347 8069
16398 8145
3259 3875
14704 6732
5194 4760
45 6384
14870 3711
15497 17685
4145 2113
2491 7782
5834 2097
4146 7006
11783 9394
856 7617
10354 18357
9102 7152
9892 5746
12934 18966
13338 8969
8267 10355
11001 629
2277 10102
8660 18244
3570 12743
1559 4871
3694 9643
1023 15942
4460 9345
16903 13751
19318 15491
3990 538
3289 18058
5031 18411
5170 16256
6335 14149
15493 2847
12337 12619
5107 6170
3659 9433
6776 10022
5621 14656
16287 2691
3351 1206
13507 17846
247 13233
2126 19797
15845 17538
16831 4887
6304 15288
3123 9658
10705 19385
630 14428
17812 12001
7926 3219
8245 1376
2447 9261
15037 4811
6407 3049
19206 3150
19964 13285
11864 11059
16029 13550
10835 19082
9257 14813
14486 6711
8755 606
14545 17445
13728 3958
18578 1273
1527 7001
12556 8041
13598 16159
11018 2670
556 8898
9280 19159
2578 9461
11290 18020
18615 7791
16419 14093
18719 6352
15879 4598
4708 4916
13229 1300
7196 10689
15262 2131
16709 5205
1532 18311
6780 4804
4610 9145
12557 16258
9 1166
2810 3659
15397 6570
2087 13284
70 15858
6521 2823
3886 19103
17233 5776
10103 15680
1532 228
11938 15264
15471 3244
272 6811
16705 14415
1678 14834
7559 15439
12542 7111
17503 4806
8692 15279
13152 17120
9628 2870
5288 1588
1762 12276
9012 16018
3225 16245
19737 14714
2804 4762
6594 15488
6310 5325
7247 10973
16697 13571
17202 294
6558 12198
6280 12179
760 5443
11980 9394
14398 16601
11685 13049
16681 701
11044 384
13299 16246
17727 16827
5792 429
435 13878
9058 3121
14022 1853
6970 15078
5730 1022
18783 11479
13299 14210
6614 13027
3103 4873
17282 8984
3752 3069
18309 4141
5871 3626
13551 4072
2175 19053
11811 1638
9466 12222
18174 260
9978 12223
6358 19383
9928 10197
7249 5881
19152 11790
18337 7323
19710 19042
18887 2500
11869 11917
13714 8551
6390 17463
5348 817
184 1268
10267 10450
12059 4575
18549 2276
9496 1624
12844 10903
2894 2671
6581 5539
19551 5974
5967 8730
6667 10043
6970 4585
10844 4381
2760 19708
2644 6006
7961 3630
793 7595
15130 15791
9897 5078
10486 12356
3105 4460
3093 14704
7183 6734
6687 9033
16470 4222
2451 13724
14100 10655
6856 18072
15021 12384
15019 6125
17233 9527
15086 16314
15146 13650
3949 12830
14972 3863
10681 5042
15678 19108
2120 11007
9147 8935
8706 12326
11686 17754
6528 18619
8941 6056
5879 14452
19023 14526
18176 9816
3782 11092
16591 19766
3985 9400
2418 6582
4383 18171
4249 11097
1722 19051
18680 14082
524 8739
9925 11824
9600 14848
8732 14196
19349 14487
9608 5429
13605 18616
6722 18802
19249 6189
650 9985
4784 16874
13000 7273
665 4400
9413 14180
11751 18266
841 368
15936 2694
1228 19037
7201 7701
19206 8926
19353 5384
10977 1452
15458 16994
5574 7420
15812 5484
982 18151
2052 9090
8784 16024
18740 5456
14125 2829
8528 14064
11978 12277
3817 9884
8637 6161
1246 6635
11823 5271
7195 6261
5305 6026
14328 13044
13407 6834
18435 7059
479 1976
8867 1350
3516 9951
5717 17692
6073 15251
12574 13274
8495 6075
2785 14817
9599 15864
5279 17558
8965 3750
6005 11321
12022 7651
7597 18360
11775 18499
16596 19967
373 5034
17449 4483
9622 19508
14639 11110
10166 10713
8942 16427
16732 15729
12535 16949
7143 13639
373 9083
15884 1036
11314 15302
8644 11767
9769 6713
4647 16703
8116 11204
6739 3360
18434 9122
1985 14102
10552 13006
2664 17597
15028 1547
8099 3312
14767 5815
4694 2149
10465 8333
5311 14323
8688 16461
7576 11404
17426 10878
14462 9129
7269 2088
10662 404
17198 3007
849 13234
13504 12424
2731 17758
17145 13499
7541 4760
13802 14300
4999 17628
8776 3737
19920 346
3333 10912
12153 12343
9461 14414
15735 19036
6066 19084
6485 14810
389 3640
19968 12589
3258 19257
2317 13344
12951 16149
7120 9027
16172 3307
12039 15062
11937 8445
2931 13671
2430 6049
7116 13067
8592 18856
17949 17870
15188 11558
391 14130
3398 15628
15123 19627
15245 19758
14606 7594
16684 5931
3008 12714
18638 15912
7750 18071
12129 768
6208 18485
1218 6825
9696 3626
10820 11291
2846 17399
3748 14728
8707 14739
17315 6305
5758 15597
982 19189
6557 7952
4238 3375
8031 9589
6941 8109
13652 18720
14128 12610
17593 19369
17425 17339
9887 11791
3908 13624
6177 14567
1987 12564
5913 13094
4136 17556
13467 13852
7988 16156
12783 18931
722 2583
165 507
11977 7550
10961 8871
14841 6075
838 734
13981 16498
5548 2620
7578 12530
1348 8537
5823 10494
11374 1551
9978 14060
7952 18895
13807 3421
4368 530
8407 13976
10792 8264
9875 1129
8460 9117
2693 16306
6670 17793
16899 14597
17090 6037
9474 9764
5378 14590
8668 5154
18204 13945
14442 1099
15462 13827
4559 6263
2161 4414
2599 3445
9217 17377
16264 8153
12818 14858
8635 7082
18970 5588
9719 9821
11113 4630
6233 4614
16034 12692
15235 14519
5196 7860
3557 11305
4802 9732
10646 17628
3956 19075
2461 13001
8340 13786
2355 12230
13768 3162
9274 3517
6158 70
10393 420
14884 4899
2165 3467
12822 9543
9075 8417
7262 11949
11312 1924
15303 5240
12788 19791
16971 12314
18402 7303
4498 5060
8391 2687
14141 4885
7473 1956
16304 9946
2247 6708
15972 10243
1742 486
15018 18508
19930 5508
18527 19177
4482 13863
9160 1485
2852 3955
385 699
8836 17147
17989 9240
5859 16934
18233 9911
14892 19792
169 12256
51 804
2127 591
16206 4052
14562 8013
19214 8429
15497 16683
14873 16524
15841 9057
15655 11293
4639 5420
13999 10518
2237 12598
7400 501
2099 348
2878 1434
16292 4582
15428 1101
7074 3599
10183 15381
9263 17012
2489 19550
10354 9250
5108 5732
8863 15505
10823 150
9812 12639
6188 4968
2871 9000
4148 12075
14410 14923
18846 13093
11028 18126
8266 10653
1105 17854
2750 10545
73 9128
12441 14333
1871 4827
9331 13053
19266 2207
7755 18629
6901 4851
18213 5038
15669 15224
16171 4176
331 312
8262 2755
7633 9967
3075 14484
10024 3909
842 469
4129 1617
10260 16906
1062 15596
19060 10015
4244 17783
171 1883
18319 10011
437 17102
5153 5305
14307 16010
19420 11270
10037 16462
13159 6080
412 19198
14194 7141
1383 4793
18667 19371
9281 15027
4683 18385
4146 4999
11584 4316
18880 12450
18099 8319
2292 9219
13950 18208
2774 1414
1481 16036
19953 16868
4782 6481
18519 17906
2267 1237
15299 1653
16714 122
3406 1839
16884 8723
13381 17429
6715 6512
16097 18270
19978 3037
673 8607
9946 2314
14295 15450
5757 2934
7259 10133
12087 5943
18911 3274
16906 18692
11814 19050
17002 11888
3541 9466
17149 6850
5329 9854
342 12210
8537 15855
18702 13647
11668 12045
6479 586
7871 2790
12891 192
446 4365
758 14160
13403 18131
10184 19004
6187 18201
13784 13852
19494 5231
7903 2969
5502 19246
7086 11975
2734 7112
18282 3504
18236 7121
8427 13060
9620 82
1216 19523
15613 12338
9591 5280
11513 19696
13837 15421
13633 18770
17702 13391
18108 3492
13573 14337
8932 12257
7956 9602
7231 9558
19993 1091
8312 219
18759 1706
17034 9325
7385 8636
10447 5966
9856 8941
2399 12426
2518 7737
948 1926
9435 14571
1334 2311
9611 2253
12357 1783
14922 10241
14836 14626
6999 6318
6161 17321
8187 4438
17368 3274
17225 15072
16774 14270
3905 3091
13789 13245
15419 3329
19184 1656
12058 19390
11906 10146
10102 8173
13499 4764
4613 366
5899 12032
4124 14762
7335 1162
12926 5709
11896 1394
12288 14593
8186 8299
15097 19973
6226 7759
14087 8003
10540 7759
279 14313
13689 6069
15456 16542
8875 3384
2905 16922
7118 13791
1487 10575
14227 2222
18044 2500
15375 18723
8999 14014
12271 8585
19667 6620
16391 6824
7284 4965
15023 13713
15415 11930
17134 6832
3109 18209
6705 3557
10283 10858
9689 17138
13926 1718
17163 8209
13121 14879
3131 7218
7298 7611
13589 1554
2136 3181
11653 15239
2614 18868
555 15880
12679 12774
6452 822
17221 1244
2625 15418
17692 921
19245 15167
19728 18548
10179 5015
4807 8691
8702 7715
13897 12456
7433 5417
9130 8992
11029 4305
19836 16072
7627 7699
14602 8672
13791 16521
1122 11000
2909 1560
6341 7619
16490 3785
2724 3114
12447 11085
7544 6412
17009 13603
19834 17532
17713 18971
13959 9163
9369 18701
2568 8726
9063 9889
17291 7305
1186 9471
14009 6545
18049 2985
15235 16662
605 1861
11999 3967
17924 6226
11250 861
4931 16046
16149 11518
2988 13224
15198 6164
13597 12927
2134 12526
3777 14580
14153 3376
12790 11517
12047 13882
9117 18074
10520 8004
15186 7101
3937 3769
6650 5951
18707 1757
16616 2514
5119 7294
6016 192
19657 4408
6329 18944
14746 6915
7100 13184
4361 584
2042 7769
5473 16850
122 8623
17726 9328
7786 18148
125 7091
17278 7166
2420 10163
10389 1720
13485 19242
15109 14764
5292 8341
10603 2646
7954 2769
9507 11929
11692 8868
5778 3211
2957 8694
10764 12922
13752 18456
338 16867
715 3201
6159 2862
16878 18646
11922 14014
5050 18198
9418 16070
7892 2007
16138 9375
2422 7376
2218 12856
2783 13388
1007 1267
2306 5235
14017 2705
9209 2430
4119 5609
8181 7914
10874 13426
17464 8127
12759 78
16001 18393
14881 10407
12821 12029
2247 8386
8284 5840
3069 14683
15497 14881
6489 512
6247 17815
13087 15297
6700 16144
13173 16810
11504 17986
12336 13548
2151 7158
8650 6243
19078 11449
933 1054
5533 9362
17362 2226
3559 10292
15959 17070
5518 9051
7715 349
997 117
18060 9397
4094 13743
4574 2247
5631 15626
13125 16582
9709 19851
5079 5740
5573 5847
18476 6791
9507 18579
9508 6587
15531 10351
13804 1903
10947 1355
8288 18388
19582 9508
474 16001
14446 18728
10324 18634
16589 14994
15184 3048
1922 17668
15388 17260
18230 4210
16563 19809
13708 17304
15496 2776
12037 19084
5706 17798
2334 9424
3064 12495
7176 2986
987 5364
4762 8096
18940 6621
6046 9862
12310 3180
19962 8645
7373 14666
18735 11843
3967 211
16709 2746
1298 11200
13527 9289
9693 9310
13481 10074
10348 10291
16664 5124
12390 15331
11467 8511
13808 10130
12088 12486
10288 17500
11414 18723
8133 14461
4331 1703
9879 17051
11496 17342
1034 4838
8449 6726
6491 11179
4587 14954
13376 14552
8679 15257
13950 15216
11786 18008
539 8859
6728 871
16367 6858
1320 16293
13243 1103
14596 12206
5886 13289
17223 10501
18017 13230
12352 16073
9074 14876
13037 3192
5625 5574
3419 9671
18345 12076
15696 12462
1204 19188
8717 17157
16726 9424
7275 14640
15951 12874
12901 3101
8673 1387
19133 764
4902 13764
3084 11743
11951 939
8124 18865
3638 5132
18101 12980
1954 18639
38 14039
16571 14362
4640 16404
6520 13082
19735 19512
6221 11155
16533 3328
977 14594
8638 61
5278 14406
12334 18464
19870 10218
11633 8129
11688 18370
10497 1101
6208 3745
18857 8773
7047 4344
12497 7596
2345 7122
15449 4221
15829 18527
1711 10371
7893 15197
4170 8146
6501 10215
8428 10801
748 18721
19180 13093
9818 11434
13099 19798
9221 16528
18217 9051
14227 10485
2322 12338
7673 16604
11834 14572
18369 16910
7879 12322
13660 1585
2516 505
4914 1495
4677 12400
18219 8276
6177 11674
4957 9999
2550 5945
13957 18456
17656 11527
10956 19702
1198 3079
14981 5100
12963 14666
10819 3570
3101 15087
3503 5786
19185 3103
8866 10173
18834 15727
4905 12357
11054 4882
19128 10838
7587 8488
19322 18213
10273 12395
16600 16053
15058 12345
16826 13876
11894 13364
7667 4098
15433 11089
7477 5342
12071 19751
2277 9345
15780 5940
3026 16945
8332 13419
5984 5957
7538 11169
8082 14296
15886 287
14153 11627
12943 12402
19277 9631
16992 13813
5098 1740
7523 9653
9374 13288
8182 18895
12223 4151
19369 10086
9933 6312
4738 8326
772 5302
5496 16646
10024 7523
14527 16697
1059 7597
12170 19181
2571 9021
19621 982
17748 6270
4467 18627
15375 4227
5852 18917
10375 3253
10587 7183
16003 5243
13754 10446
13426 13161
19274 18327
15539 15083
464 8968
12886 13527
9774 3591
14602 5003
7449 13653
3706 2335
11302 16855
14457 8285
17958 13238
934 12486
14360 19822
15886 13624
7416 7764
3317 2783
1329 11925
2820 511
11322 5870
6873 2672
9543 6184
2601 5951
7369 705
2659 18710
8323 5773
7087 16311
5512 10337
5116 3988
12349 3239
15245 8780
18919 6350
11363 10339
11011 13899
4099 1433
15407 14416
7674 4164
1712 14052
3126 17138
17351 4990
4748 12978
18270 1664
10572 7745
9523 140
7302 8482
16027 6240
14161 7893
16892 14577
12353 15270
14762 5298
3163 7160
14008 7289
3541 15455
3944 17626
3377 8785
13533 6396
8711 16286
5459 6835
1287 14925
3618 10649
3059 19423
11367 10188
12816 2702
3935 18518
3342 18543
6126 19037
1134 8895
13509 13918
10685 13874
17564 3222
18488 6305
19430 19248
7676 15551
18165 4951
336 5835
12680 19253
18558 17454
14412 14617
14052 3589
7369 2191
14270 10546
18905 15168
15795 11936
1624 6059
5068 1025
18000 2491
12028 16008
6433 10458
13184 3742
10701 1239
7296 11130
10199 14928
12630 12627
13202 8076
18254 5106
11569 1371
15113 7127
11633 15232
15521 9268
1006 4186
9332 5226
13366 10622
12359 6227
10672 19473
13777 14937
12616 12126
9915 1738
303 3497
11415 17656
5627 6944
16305 9119
5170 2299
15339 19896
6547 17536
2941 2785
1347 1857
1928 10072
14336 5257
6663 2477
17357 15139
637 4049
15284 11054
13575 9596
18624 888
12284 13808
18562 13586
12931 6808
18051 2700
6919 14919
17480 9356
19793 1575
19451 13693
5307 9099
19272 10747
3004 16587
12218 3979
5530 4071
5953 9235
3704 14467
5712 15509
11994 18261
14847 2721
13367 19709
1574 1411
18154 14143
13724 278
14623 2446
18032 282
14511 13049
17276 6218
16069 2654
3046 18953
1444 5096
15461 4910
10032 14654
18665 2617
3564 9761
18771 19136
3517 1046
10298 1218
12117 13510
6909 4500
2197 75
170 12206
9385 18546
11050 19921
16884 14795
2941 16086
2660 9700
18364 8882
1806 8702
19554 14312
11385 3385
6297 7713
3798 5884
11813 6283
7721 5078
17866 9965
16425 17474
16033 14376
11119 9610
6541 5474
9994 1476
16977 7943
5214 12695
10138 6456
8009 2612
15434 2558
16916 11472
4340 5606
17205 4718
7207 12382
9030 16317
6860 4190
15184 2012
5597 17351
10049 1699
7511 17466
3352 16399
6175 11553
8581 5358
1962 14844
1182 19249
13695 6363
4186 16643
14310 13615
12059 9656
10481 14316
16123 8130
8590 18283
5057 13935
14646 9684
3328 12278
16409 19780
1897 8874
10795 7209
15382 16165
4127 18512
17648 5742
14606 3635
649 16367
6374 19110
138 12831
10100 18882
2442 1318
19817 1180
6819 18687
9721 13944
6257 19212
10097 4835
16108 7438
12653 13568
13281 7773
484 7207
8856 14900
16724 263
11042 15770
3283 11353
6894 16474
13284 8466
19806 4722
11932 12788
13097 6146
567 10389
8974 2866
18416 13932
6797 18744
15243 10686
15144 16056
13434 9577
8874 7526
12759 13492
10472 5123
10894 1809
15873 3728
18031 3819
4625 9209
1401 4820
17916 3635
13948 2780
7015 19386
19986 19040
8301 18713
7236 6949
12407 13054
19965 6390
15731 6465
11653 4948
19152 2858
3105 13126
3317 299
15690 13424
14454 6038
4760 15182
15919 12592
7120 16761
3513 13578
7344 17699
11702 15922
10800 3401
16489 4052
578 19225
13940 16712
5796 4636
4050 5178
676 2919
8981 15848
3647 5995
7224 4703
11998 11538
15644 13085
19813 11764
16393 2802
7466 11511
14411 11884
19452 15020
5399 16338
11272 8410
13056 2991
17997 2273
746 4389
3826 1880
10252 17872
14327 10083
10886 14979
11202 14925
575 13965
6664 2524
11392 4876
5540 3024
5182 2606
42 10687
9402 5680
4635 16130
2547 778
11126 5214
1440 15468
17325 5672
7954 322
1670 12409
18341 17851
14296 6241
16067 13522
4624 6003
12697 2247
16406 1238
6236 10872
9876 16371
13950 7935
19984 9429
10570 7018
1109 2411
2124 9657
12614 19470
16163 15839
5734 17189
6310 3384
9847 11853
16 8622
15620 265
18899 11183
11521 12823
17752 11602
4991 11079
7258 10288
10951 6390
3719 12378
18897 8924
11770 9006
17676 12118
11358 17810
6028 14370
5861 2816
12706 7620
4884 8872
7217 2484
16158 16911
16907 9306
18518 16015
13737 18894
8188 8356
19235 6206
16710 11109
10535 8003
17223 12197
18359 11733
7182 18806
5748 13430
4298 8095
17797 16948
4269 18368
13435 4347
6647 8124
11822 14259
19354 15515
5958 17776
12623 19571
12422 5697
12976 9805
2244 6510
18690 6424
13596 16405
4800 16757
9538 1388
7701 8393
6620 16078
7344 14827
15606 3304
17563 6757
17358 17952
12081 17172
1089 17191
4008 17929
14586 5368
16050 1591
14443 15790
4974 381
5263 8152
14462 2029
9717 15572
12988 18423
13222 18847
7992 16595
7995 2489
15584 10838
8400 10121
1849 4367
17472 11566
1411 7329
3612 3075
7566 8717
16057 6235
15329 18413
17870 9861
14290 11739
1350 14977
4366 9424
3873 15367
17635 2476
2796 13603
6076 6029
18671 11876
150 11127
2699 2089
14575 2985
19069 3216
5170 7382
16923 14896
10387 7233
18145 14413
5401 17548
12804 13794
4515 16233
8152 9706
18501 19777
17448 14297
8564 2123
13317 1413
8242 18662
5434 19036
16123 19332
3210 6038
2244 10413
16048 10969
13111 9915
16954 19900
5420 1546
8019 10991
19293 5746
18933 3438
14578 11496
18426 10124
1207 914
9690 3864
18061 15195
8636 7213
9385 10306
15487 499
9400 1512
5351 9967
4888 269
16183 3412
12711 11045
18919 2186
19714 6475
3840 8270
5023 19635
255 7002
17255 6724
895 4508
14906 9793
7183 9622
16866 14426
4156 12619
5286 13776
2273 7844
18424 5560
18849 10882
7346 3973
3310 19877
7292 14956
12456 5780
10073 13488
1903 15476
18335 7414
6153 6806
18721 17129
2559 12580
7906 4102
17348 10291
19489 8854
13045 16177
5316 5268
17445 9680
3752 19492
6526 7675
8520 10700
17478 889
9712 15818
19577 10992
10333 7938
10203 16894
19908 5566
5323 4908
17723 1219
832 10331
1315 17064
6208 12755
11467 19621
5260 2638
15041 9616
7857 889
17840 14970
4989 53
11778 11886
7561 12353
18181 18142
18233 18693
7241 19165
431 11465
17508 17455
13018 17596
18657 8316
10746 2979
670 14089
11782 16964
327 19342
12281 12435
17408 8080
7312 7814
7256 2866
492 1489
10396 2427
17128 1262
11941 8428
10083 7550
10415 8888
238 18977
10460 19122
12473 9960
14500 12271
4573 4104
17017 5318
14810 18031
13925 3788
11658 1213
3614 9907
325 15183
6463 1443
17989 3753
10380 3629
2845 12693
17867 18814
17856 15287
5977 8771
11346 10059
3042 9762
4825 14163
15905 8327
13897 5021
12279 12866
936 13663
5080 5410
19310 2312
2591 13700
2715 7061
5196 6582
2045 14372
14833 5364
12460 19812
1012 16102
37 13664
12459 13192
12768 13647
4309 15
4077 1821
172 860
18857 12985
10713 2812
12313 6959
13378 14472
1864 14504
13774 12761
11433 9131
10109 11003
13941 18714
6337 5280
9778 6863
9416 17662
19657 18331
3097 443
18818 6997
12361 17844
3190 11004
3660 14945
3473 7058
9886 12447
19827 12171
12669 4017
18697 2781
3488 19190
17885 5472
1923 2891
9750 16175
1369 1445
13937 10568
5444 8753
1789 12877
5137 5952
14052 18813
3082 8363
714 3052
8149 7553
8275 10087
1021 12928
12073 10792
7497 10036
13071 15165
7515 10205
11639 9441
14289 2188
14764 6524
5549 17020
6541 15107
7777 18937
10760 7818
4625 17605
17065 14167
11843 16704
11661 1743
764 18963
9181 7368
1483 4025
12668 12588
9624 2330
9176 9613
8044 18298
10527 6426
7898 14640
10567 6341
1373 11649
13593 15522
6002 8338
15282 5040
13494 4211
16712 7199
7036 15266
14140 7205
17913 17079
14314 8619
10703 2763
4756 3021
7614 19085
15894 5666
14609 9820
4051 5688
13399 11177
10168 16459
3028 18227
4299 4214
239 5358
191 19382
2233 18030
15115 1729
18376 15064
4384 19908
17028 7244
5037 14604
7584 16174
18365 1149
16946 8544
871 19587
299 13451
18415 10536
5090 14783
13637 18321
2939 5153
15511 14606
14614 10844
19682 18868
17279 9535
14625 30
591 10990
9925 18634
5047 16497
3557 4360
4143 16423
18721 4325
7151 6222
10930 661
14661 10940
12346 11603
9230 10783
199 17366
6276 14539
19844 12803
4854 12915
18898 7695
3010 8864
4243 19320
3563 8645
3445 6451
16938 12130
2133 16697
3382 2090
5636 14034
15221 2976
10647 18324
19716 442
14198 9988
3730 4792
11604 7581
294 1541
17817 13220
16670 16766
2483 18141
17041 4592
7670 13556
11449 9633
17447 17055
18871 19893
15362 9860
8704 5088
15833 882
12729 18770
754 18856
13925 15136
8889 4120
4559 17534
11050 134
4304 9860
9547 18551
4246 14432
5016 2924
14447 5108
12096 11501
6756 816
4579 4127
17733 12713
1476 13380
3083 3607
10389 1382
9523 17212
11576 5930
5527 9422
3144 9228
1759 16485
10103 11938
15740 5421
12088 4406
12755 6180
8889 10494
7154 18648
3456 7364
1085 9264
19830 12220
2886 194
4307 184
9422 676
17280 3333
7072 4458
15448 11598
2548 7917
3932 8940
13658 11045
13536 17410
14369 7822
3424 5320
13098 15515
12025 12170
1239 13609
2166 14564
15746 15570
104 10406
14691 10553
2840 11829
17094 14740
3407 8971
9981 13823
5363 12931
14288 2736
3869 18789
18302 16929
9984 6793
8634 11628
9792 748
1113 1417
18513 4542
6721 6641
8830 15579
15726 19726
8076 8809
10421 3491
16649 19839
5750 3935
1845 16011
8611 1853
12722 5073
3074 2316
13212 14897
11293 2182
7210 3846
5584 1255
9983 19834
13264 9480
19101 3816
482 15489
3222 15825
2107 269
8149 14910
19192 4165
12365 15718
15097 8347
18062 1043
12070 6581
10286 16273
16700 13330
13267 18392
1362 2356
916 12223
13442 16969
1794 9383
7602 14870
13268 187
1362 2977
17038 8971
9753 2642
5418 3794
17260 4338
4819 13595
19165 12030
12838 5871
16074 8127
12853 13406
9645 9224
2345 10939
2531 10970
10875 17980
6957 16580
852 9765
3609 5630
1554 9330
6542 2160
11449 9884
12669 19391
18243 11871
12803 6602
12296 6729
2809 10953
18074 4752
11615 9615
8000 12601
17525 19203
1157 14024
18033 783
19206 18704
18365 7863
10893 7852
17398 3486
18191 10356
11328 4945
17444 12383
16694 18867
18391 7219
7336 11038
16437 9696
19521 19498
8843 2483
14138 17559
1652 13540
6497 215
15715 15274
3138 12436
5082 2233
16159 17450
1536 844
12341 5083
12733 11411
13130 606
7241 8644
12348 3283
900 15982
10985 8752
14653 16087
9855 18718
10235 18022
15999 15980
17837 1598
355 5301
19338 1258
12125 8614
19328 16379
5077 16137
11053 9234
9554 8718
10643 16167
2546 8297
1348 3253
2403 4449
9332 7603
1077 17091
15606 13317
19608 19939
4025 16428
15160 16730
18628 14934
14149 6375
4243 14655
12579 11440
9815 7475
222 482
5855 12028
2692 2764
3990 11679
15882 18010
2760 9412
15650 5734
17638 11786
4422 7034
11765 7941
15445 11766
18151 19754
13555 5360
18296 9917
19644 3646
3435 13927
7901 18181
18858 17822
1165 16935
12323 18368
12792 12642
19239 18177
2539 17142
14607 15091
2674 17592
12595 10653
16223 14025
620 9241
9806 1726
14679 18371
3869 14235
13317 6437
8130 8260
5300 9469
11776 6058
2833 3623
6676 6269
14685 19790
8731 4244
1713 3726
9273 15452
1940 13947
15143 4815
12728 1483
19771 639
55 7427
5303 15637
3548 1041
2485 17892
15870 15656
3561 7558
13532 15144
3124 3146
8040 856
11381 5167
11342 6981
7257 17516
18439 5807
14656 19392
12625 7494
9121 15442
8771 16337
15621 6178
12759 12241
13684 18761
15293 7836
16220 4470
3904 6567
9003 19670
6065 13861
11004 3410
19332 13807
3391 7100
19258 9004
16959 14927
18121 12465
19876 7783
39 15458
17324 7812
18447 16585
1185 15495
5866 9016
18410 6502
19622 6584
2210 16404
2150 13650
7449 2608
6053 17600
18624 6146
12725 14628
8027 18371
4106 12337
8089 8411
641 2329
19825 8007
4721 7628
14940 7416
7230 1996
17693 1094
2845 10803
16788 19605
18883 1299
12788 8144
13348 154
3729 6680
17144 18599
4715 10968
12255 9812
124 2729
9373 9899
2317 3971
18554 19744
12324 9689
5426 18501
15385 19139
4088 11291
18085 8313
17794 11308
18133 4749
3583 10892
102 12234
8150 19483
10245 4477
13639 19423
8565 15595
2539 14286
9769 14280
9344 14326
13256 801
18026 4057
2764 17160
13186 2416
10401 1007
11226 17916
5152 16770
5340 17296
18088 2076
4456 11530
15539 14037
7385 9840
16258 1163
16267 9318
13076 17091
1302 11640
19468 7613
6317 4623
16697 12537
11364 5245
11019 5389
7659 15267
14636 12602
612 2244
16826 16305
18397 4680
14493 16403
177 129
18361 6621
18632 12557
6131 15077
17823 19622
18433 10915
19043 16548
13803 4158
12667 13865
19420 1108
19170 416
8136 8898
5709 10087
19759 3544
19204 4088
10164 1551
12767 2693
18720 2066
17193 18119
14798 5811
622 10521
14432 8008
11650 13657
1891 19895
17237 3995
1664 10310
4199 15904
52 11681
353 4078
177 6122
13310 11925
18660 9049
18217 1444
15435 11506
8037 12731
11192 12824
15112 2415
15745 5234
1918 4494
14216 18476
9697 17844
4291 7118
12814 3401
5745 18068
5465 16584
19661 18000
247 16346
18454 14090
13306 14201
19443 10640
1088 11145
3099 18512
14901 12630
9762 125
18297 6784
9438 5150
6055 4237
261 12049
4039 776
17372 9742
5884 16318
3658 19370
13951 7004
10129 13887
10280 4517
19289 5465
3165 17658
1376 3032
14431 14088
6589 7846
3892 12235
1144 9880
6748 13897
5271 481
14636 9348
17058 5320
19522 12528
13333 4444
10017 9634
10936 12347
5538 2784
9272 12795
7602 15948
11436 17152
4982 1616
9485 401
14157 10190
1980 83
9820 5747
17665 12331
2898 2077
1879 4197
9782 15926
4155 6282
11783 2213
15843 19198
14165 9323
729 4724
19156 17165
5887 8498
19778 4239
11684 16975
14812 11523
1727 9279
11513 9842
5303 12557
15552 4658
4118 13735
18879 14772
3441 1315
4668 9164
5191 12349
13374 13409
5500 861
10302 950
8483 6986
336 18684
11264 6048
2591 3825
6352 3768
439 5188
7449 15673
5757 18199
13391 9034
5005 19143
4965 17925
14398 2637
1242 16532
12704 13108
5770 2714
7869 428
6574 372
15891 342
4685 8785
11873 14715
7226 1869
5406 984
12415 4086
14305 1
13140 4676
16370 10788
12448 8663
6004 12116
7353 11343
6702 14754
19249 185
14771 3369
10070 1854
16201 4165
1625 1508
1928 8620
2460 3086
18947 9670
3212 19692
9062 10209
2855 16615
18294 19364
7441 8593
6350 2630
18144 10281
14159 10817
8267 1692
13839 14004
10687 8715
14261 12423
6964 2765
4895 906
15447 18270
1558 11746
2959 2591
7663 19165
8822 4015
17417 6276
16712 13144
12427 7272
344 13607
18726 8480
7700 17110
9349 13683
11120 15044
956 14553
5943 14107
5981 1225
2359 1148
13965 10805
4689 16164
1919 4686
5771 2413
18458 11830
2877 11381
19786 7646
15196 8224
12950 11418
2653 10864
5778 16671
3353 12149
10557 12451
13473 966
19827 1251
14763 3875
13748 5716
2047 17459
559 11671
7040 8182
4741 9437
809 7446
19579 9226
4917 10280
11095 1552
9105 2129
5091 16169
8657 1157
5710 19931
17125 4211
666 14348
6143 642
3972 14366
7739 15130
13331 5343
17805 17934
992 17638
11677 3532
1327 10066
13494 11553
7293 16773
11503 15554
18132 4043
17604 7165
3286 13543
793 18939
5067 15186
15375 7035
6295 19048
1033 4037
16736 1423
13160 17720
16005 1553
8870 17270
6612 9517
1905 9732
6094 7283
11172 7558
12987 19969
9208 2968
19611 2862
5281 8613
14122 18876
10117 1868
16596 10207
698 6538
11798 1032
14827 16653
12837 13955
10045 12833
742 13056
4716 11933
1671 13599
8422 4298
5740 19530
17492 15208
2235 8566
17307 12173
8079 11807
4763 15848
14505 17642
3945 8660
13187 3146
11861 6199
10563 2593
13112 12851
1780 14457
9377 6376
9536 1997
14447 4973
584 10371
14856 15940
2763 6245
1638 15204
8311 9843
13769 8142
12342 2758
1201 8021
17540 13679
3269 16720
6986 3724
8070 4671
16972 11601
10422 15881
3547 1834
6440 5569
11075 9453
11127 19564
871 6783
3895 11656
11539 17758
6022 3001
5530 1987
11620 13108
8044 11272
12726 7748
18856 14266
10939 5182
16742 17905
380 19907
4012 2049
330 2454
587 11040
14984 3237
17120 7586
901 398
13474 7561
882 8754
16576 7382
15545 1044
15539 4556
10581 16137
15855 9145
13089 3706
11914 14982
11127 15852
7922 8426
12736 10696
8630 8379
3092 10548
8216 794
16900 2369
18315 4020
12238 9456
16460 5091
8068 6798
8600 18911
12390 2526
9521 9982
19474 15402
16415 4919
2756 12721
7960 16013
17794 14592
1113 19600
1280 9555
6811 13236
4826 9270
19976 8853
1543 7304
4849 8056
11020 15656
15750 12536
18908 16929
15802 1126
10731 2119
290 14043
19803 16208
3181 9244
17546 15638
17069 19133
6634 3836
17246 4458
1146 12162
14101 2530
8781 3190
1415 12066
3141 19329
8657 15161
13213 17926
15723 9737
9704 6972
18166 1309
5928 7593
10440 10869
3884 1849
7966 332
16043 5338
9037 10331
631 15653
3549 1421
7282 4503
12417 4038
2417 12504
18158 19018
16433 1133
2475 2897
12775 4016
4226 17077
4376 4282
741 12242
3887 11648
5932 7250
6085 11655
6537 3528
2103 18150
3114 15528
9931 7089
6694 14275
16416 10495
5186 2045
4534 6530
4233 3618
9065 17054
17545 16423
8614 1534
2490 18329
10986 5323
10140 46
11579 671
8469 8251
14224 13268
19058 1101
19052 2788
9526 19224
747 598
2880 6871
3359 443
4848 9730
931 15199
1706 18739
3462 16926
7507 2893
7970 3947
15442 5075
6991 6935
800 15105
12890 13673
2327 17589
11466 1827
5697 1768
7394 17598
18388 6200
16988 12702
722 17876
10206 12001
1794 7727
2894 8099
4394 10396
9965 17401
13660 16351
9475 3703
18003 12282
12631 1591
1032 5704
14067 6389
401 19982
11067 8765
10430 13353
4564 7038
18796 1120
15323 3778
12358 16000
16907 13110
12986 6148
1409 19816
7000 18876
14584 15551
14746 14847
12556 16987
8669 6508
19109 6538
674 11219
9532 14152
16967 14941
18762 10021
9388 498
4228 13402
19445 8452
14160 15688
6187 3357
2265 891
16477 15759
7169 17307
18138 15608
17185 19302
19538 1836
2366 2065
889 6424
11831 1260
10351 12309
2141 3403
3400 15440
14038 18874
3954 16032
6061 12029
13797 4853
2342 18338
14733 19312
4901 17902
1158 8262
13372 15582
9232 2169
19268 16354
19595 15384
11606 14361
7397 3551
2393 19687
16966 8851
6483 19042
13325 9061
3176 4628
15055 11089
6517 4019
6753 16437
17837 6913
6370 18148
19545 8133
10637 2995
19429 14333
8513 4635
19512 19349
13026 8201
4070 14486
5196 4965
6465 6449
1687 8070
11308 446
16516 112
7023 18272
2399 2875
11122 19812
15679 14689
12325 8840
2593 18651
15002 506
5726 7924
16272 2683
9744 3599
10357 2279
14144 11385
10452 11848
3431 19266
5719 17405
1266 7634
2904 8864
9891 5749
15940 2727
2642 10369
756 1861
13159 16869
6342 9394
8454 12917
699 14380
7826 6428
9562 19878
5768 1292
10091 4906
13759 5231
18434 14135
8278 11821
204 9372
2807 4372
18415 2575
11055 13577
3504 8111
6011 16643
9764 16546
13927 2945
19651 10786
7620 4215
7317 16059
11073 8072
19985 2022
8923 10657
2335 1851
3459 12189
4332 5975
1071 9282
17222 15790
9425 8992
8575 7785
12981 12518
7117 8388
8720 10411
9909 15658
5679 3222
5895 16328
10982 5091
12227 11738
13825 1167
6168 4519
18689 19960
14488 15890
16430 11012
2079 8860
14143 17558
6873 6975
12063 14526
8461 3258
5272 16673
17387 12258
5079 16162
5069 5040
3939 11530
8905 14587
16868 4079
9652 2477
16916 9638
4627 12118
748 6470
10579 125
3582 6090
12596 17795
18626 14914
10379 2747
18406 2827
5389 10876
7542 18818
14518 19059
8600 16234
11894 10154
7000 14079
17435 15345
15925 11231
10463 3497
7275 18462
4966 9587
3796 19790
15088 6451
5126 2086
1128 16114
2874 11284
2328 1010
4665 12646
16299 2799
4545 19354
6012 6047
1490 11981
10358 12205
10164 14934
18008 991
15410 15146
11992 18173
12908 2974
948 15162
13919 15565
13630 4677
11738 1513
9017 3601
7570 5202
18236 8620
17257 6454
3768 17393
11871 14890
18513 17345
11726 18620
14529 3616
5044 16535
2498 4113
7208 18326
4054 4068
7253 19454
1379 12270
9982 13802
650 5878
19827 9088
11726 18016
7127 15608
14913 18695
12707 5930
17918 19093
11481 10271
9132 11764
4927 5956
13222 3015
19263 12076
13725 3262
8832 14463
2099 17313
5221 6305
11215 15465
19213 13167
9508 19111
14999 5095
12580 19946
10819 8876
5243 5943
11623 15079
10209 10066
10632 19517
18223 14624
2856 8441
17434 17114
16686 10704
16854 10966
17573 1584
14775 15882
7811 17598
8980 366
18944 13233
13520 12608
9445 1718
13524 13205
762 8608
3916 3011
1548 2651
2312 19060
4811 2871
14229 9936
16785 11476
5242 13281
11556 18279
16945 12521
5576 3004
6034 14572
14200 2981
17631 6941
6146 14740
17763 10521
1905 794
13364 226
19955 2336
13498 6178
1428 4239
19226 5808
9872 5706
17101 3082
16082 3295
7854 15745
9960 19190
9294 2381
12381 15842
6458 2366
18931 2609
154 4571
5112 1441
9720 17958
2689 16740
12221 13096
16643 16830
6889 7394
10145 14441
14550 14166
10782 11110
8880 9748
5560 4242
9558 12848
2733 19563
1665 17379
14696 8863
15364 5984
10563 2436
12039 6401
6971 4208
3818 19447
1271 16489
6428 18336
9655 11403
3077 8587
10688 7798
16349 19754
14952 4664
9307 17020
7612 6046
1859 11992
12556 2914
14534 3521
12507 15484
14754 3229
1725 4790
2556 4675
4737 17303
2819 3123
1989 13537
1637 1308
4337 14502
18925 10857
14555 2659
19351 2500
8484 15490
588 10998
16427 18517
18565 15420
17812 8379
11056 19187
7299 17961
8065 539
11350 12939
7370 11131
666 8010
8881 2761
16204 2064
15637 4280
16044 8617
12807 12516
14061 4045
18281 14737
3407 17662
10009 13470
15468 3863
9535 5448
8181 16710
16670 8829
3894 11637
14138 15147
4611 18147
4246 7717
7676 10114
10454 14226
427 3735
852 372
14066 10724
2151 17566
12513 2480
8030 11022
6417 15460
17240 17795
30 9563
12113 4800
13746 9610
19069 14869
3621 269
3211 5320
16995 1690
2867 5475
13522 10709
13252 221
6252 15198
12952 4198
1837 10559
19624 362
19816 3436
18321 7481
11053 16715
9883 3976
198 14831
13716 19019
2426 7043
4239 4460
8515 19717
14576 11865
292 15459
900 8751
1325 12327
17895 6172
5077 5260
13249 1206
817 9833
19306 6346
9855 18740
14160 11717
18050 6225
2107 7904
17722 17325
16815 15028
4550 4182
16524 12290
19823 11143
16558 5971
11319 4983
2900 15460
7809 10431
11148 1705
14253 3646
17781 9336
15141 15044
18328 1166
5095 6410
6321 16071
14216 9903
9318 1939
7074 7094
4775 17051
7095 1595
6498 18390
7590 8939
12939 16802
4246 12233
16034 4681
16847 13339
9265 17242
12657 8448
10130 18332
9183 2757
17325 14129
2963 4120
15092 12665
11520 6330
5358 2753
14442 866
339 18772
1401 17798
12424 19220
18151 19744
10619 18500
15787 19086
4482 7678
14029 10087
16287 616
16930 2791
17315 16571
18560 12850
14602 6905
544 17118
12690 3131
9939 17644
14850 5560
15265 5491
13447 4743
16493 12495
4174 15321
15097 18493
2287 3774
7154 14695
15536 18269
772 14641
7550 16010
11672 4848
14921 19094
15917 16375
12888 13112
8416 13804
15031 10384
12551 19926
4986 3862
16105 7342
4105 15724
18816 11227
16888 12688
10080 10478
10179 591
19871 14524
19676 8364
5612 4181
17391 4164
972 14881
19437 18884
18972 17008
11205 16303
13131 5969
9339 12430
568 18947
18078 1311
10011 15998
18128 11780
345 12987
1284 17516
8316 16693
6234 16580
2394 8009
19397 19420
10998 6326
1007 19054
19042 16005
3786 9176
16733 802
9442 1407
16157 16877
12380 5663
4586 18108
13529 12791
17693 8136
18715 9099
17355 17093
19091 18172
8499 11136
3097 1081
12915 7631
5857 8638
3098 11166
2463 18945
15801 3562
12725 6188
17004 19263
241 10227
2181 8290
3394 11267
7521 763
14677 16459
3900 13501
10903 19285
11405 3598
14993 17715
12425 14341
16336 9373
16756 5994
12932 11911
6804 11926
8949 3138
19962 19774
1672 1450
5857 5059
3944 10458
10436 16630
3046 17571
3257 6137
4889 19484
8941 7905
15519 4351
154 9844
19141 368
14550 19451
19197 12511
8580 17972
8118 6136
6371 12459
16732 16874
18513 18053
10584 5418
13983 7272
19664 18302
9667 10726
5540 12714
10163 17893
14354 16550
113 18503
15717 141
3983 17964
5097 4068
15397 15015
18892 11017
6273 3943
3436 9883
9984 9285
8718 19530
17787 10983
12722 11593
6086 5353
14188 15046
19135 4393
11169 8081
13980 11558
12929 2142
8818 13631
14986 7409
9855 14736
10242 5127
13283 17731
9254 10206
14679 17078
7999 18224
8845 9794
2561 3728
11302 1452
11434 14177
13019 4151
7661 11232
4688 399
5870 12566
16739 6078
12094 6367
8509 10976
6676 12922
4413 5262
14951 899
12915 17584
9955 12537
13333 13381
18817 9652
5540 1175
2717 18258
2263 5670
2752 8194
18426 5856
4307 15071
731 6949
4433 66
16605 9884
10473 19145
12819 4203
8649 15374
13531 9401
15511 10466
10763 332
19224 10359
1178 12231
1510 2163
14737 6969
13945 9643
19603 13743
15599 9683
17552 9740
711 17135
11673 11057
2863 4204
11921 12545
19706 13038
10857 15715
11804 18813
16776 4736
18246 2047
2320 9459
16394 13836
13135 17770
19429 13113
6354 3935
3224 11840
6144 13934
8621 8096
11368 5221
3673 2388
17691 10515
12691 17878
509 11715
14552 18221
11803 17914
12178 11946
5925 12095
19830 3908
13872 6178
7373 14178
13861 1322
2229 1794
15634 9379
10513 683
17996 18965
3143 4327
17341 3330
1466 15400
17000 9169
6096 12254
9445 2875
6033 68
19494 19982
9730 10615
10301 18566
9297 14038
1245 13977
447 13089
9858 7151
8985 12913
19159 9746
10108 10655
6022 6960
4091 19015
8187 5735
13268 14802
13617 2317
10985 15075
3822 10823
12903 4039
17991 14638
8010 12461
8600 15272
8406 15130
9752 2751
3071 313
197 4841
3147 9084
6995 9125
6260 1627
16969 13012
4437 9423
7222 19910
12777 1438
18859 18100
8807 16023
18809 7247
19134 9169
10500 12855
9311 19587
4177 15167
14088 6501
3252 19720
18722 2307
1503 18140
18638 7743
6369 14738
4849 4070
14043 10109
8705 13984
15933 265
10086 17347
14436 6568
18050 18759
1235 18394
10192 14400
11833 18426
7269 13942
12110 9046
8796 17578
1906 2865
18205 6466
3605 13723
1300 10091
13500 14188
15223 13815
5996 15588
13310 10108
15118 7826
14636 12582
15186 6763
9616 12800
15695 18554
10918 9047
4100 13012
8995 19474
16883 18938
19847 2017
11426 8912
14158 2443
17187 18844
14974 8625
13775 1027
7096 1857
17617 19644
11532 11414
6588 16841
558 7495
126 12902
4934 737
14304 15307
2924 17702
6534 19709
9765 17852
16663 17423
9738 3047
12534 7430
16433 1447
6668 3415
6843 8420
11009 16675
18977 97
10664 4900
12485 5878
3779 9969
15299 9499
5723 11514
14157 11836
5596 6049
9405 11079
12511 9589
17836 6723
9958 16327
8619 1524
188 5014
4944 8736
3329 16584
18050 16818
4176 4304
17527 5143
18161 4016
7484 1604
16396 1479
1496 5599
17442 4872
3788 16536
44 1753
4898 69
10136 5385
703 7852
8169 13727
892 682
13816 983
15223 4618
3154 16500
10480 10612
1316 8351
18538 7987
3906 15648
8945 3247
14344 15311
541 14003
2391 9381
2263 6729
11462 9811
426 8160
16593 7952
884 71
911 7665
6377 3788
13414 6337
11429 12733
18260 8617
16326 2486
19868 3612
17629 13810
7023 4558
19913 8005
6764 2669
3741 5608
10776 19963
4962 10386
3368 14260
14731 16902
6330 13118
2970 16857
8796 1553
735 7810
13573 15806
9367 15489
16773 4928
3704 1435
1510 950
17845 45
18743 2331
16715 2349
11080 12392
16225 7292
18702 12467
2723 13551
9066 2958
14678 10877
6328 13719
7151 5561
10236 4090
11094 9959
15971 7484
12070 3350
17950 11445
4124 12764
2712 1500
1619 7902
5891 10834
10399 5229
10609 17423
5962 18352
10338 6683
10983 7112
3626 17244
152 9402
11284 8
15286 562
18502 7407
7932 18713
11830 6153
2102 12335
18065 14953
13559 4476
7664 6150
17728 18034
7197 11001
11364 12717
6102 14487
9581 855
4393 14011
4126 5213
16715 2974
11148 17890
16 18182
18250 16098
15804 11440
11557 655
8150 85
5376 18386
6156 10148
13420 14343
4599 9270
14453 8000
5448 16508
10745 19294
5867 19756
2280 11739
9178 1541
18962 19198
9740 14397
14583 11277
8331 10081
13158 18031
5458 3620
3587 19201
12029 4731
19923 10853
11692 16816
8660 18680
3040 19732
8561 13674
11494 7722
11841 9593
9694 8900
7097 17322
13384 1832
11767 17091
15835 340
19723 13003
5140 5409
5617 5297
9506 19154
18531 13345
177 11958
946 1865
1995 5419
14696 7565
17523 16333
12579 8741
14126 19983
11919 8948
16395 3020
6157 4334
17364 3287
13607 18247
16286 2302
14202 4946
15610 13919
1014 3671
9449 187
4033 729
7337 10113
6849 11035
16552 8213
13442 17691
2265 18241
574 8613
4413 10849
15399 17419
17354 19221
17087 10624
6871 14302
12413 7047
11078 6505
17686 11663
17918 14409
1525 2517
14335 10980
5576 987
3405 16988
2172 14317
15566 17701
3652 15922
9213 7066
18025 16545
18296 3709
16329 14839
17735 17670
3030 5477
10346 11738
18245 1971
13228 12506
7775 179
4053 18017
5111 19574
16336 19194
18382 7606
13181 12503
13941 13263
11530 14930
12020 4227
3473 12610
4829 11126
6209 11049
11270 6145
1461 11488
14603 5461
3250 12326
9052 17461
6699 18283
4185 15788
4595 11026
6115 8590
14030 1020
11878 2153
10276 13376
17884 1011
18526 8083
629 16270
9104 14571
13949 2078
13966 10564
12001 3750
2108 11026
12531 5106
3102 5621
4802 9452
2057 13700
18565 13812
3797 3238
648 17763
1420 14048
1898 19545
16325 16272
18383 5429
4616 18145
5707 17035
2147 12338
11155 6095
455 17700
10068 1639
16315 7698
809 14977
11322 12522
16825 3795
5039 4051
1673 12570
17223 15107
16274 13610
6461 9321
8846 4600
7868 17826
1042 11091
13436 9716
19984 11689
3678 2063
8848 5999
3609 19132
1487 4693
564 611
3411 10341
19179 15431
8689 1402
15467 3009
7468 16186
6688 14287
11308 7058
14302 15117
6541 17613
16504 5291
5398 12938
2140 14323
2540 7966
15968 11410
7281 2919
16225 3441
7524 6794
18989 4765
5733 13209
1945 10317
19548 12619
11424 5565
11957 3534
1141 522
3553 18646
16260 6099
10044 18048
4948 16123
1788 11274
12022 878
6425 16951
5657 14107
1312 13532
6600 2989
15365 17553
4805 18553
2867 12433
10551 8893
2271 3023
18357 8335
10754 19353
1597 8840
17674 7718
16319 1608
3958 19236
18066 5449
16222 10442
3180 18238
1966 16430
12487 17633
11998 1795
7703 12008
13936 12792
7018 10450
8445 1615
4798 17536
8886 8126
9052 11836
16253 15599
6499 12036
16001 6467
19828 7535
15824 5912
14454 12338
18371 6570
10520 3658
10671 8013
5367 17568
17509 6301
9747 4773
17771 18485
15464 18924
6871 13489
15107 16885
9226 19046
1897 5914
6394 14205
13488 18322
4842 19717
18427 5715
4084 4593
19177 3708
17018 13349
19987 2910
19314 18184
8165 2964
3969 16010
3635 217
6239 5805
12103 17008
9305 9992
10571 18605
14701 922
8669 17829
6573 17386
10940 18809
2755 146
15154 18884
105 19979
11760 9368
12164 4020
4308 4865
7939 16832
16960 1972
2775 17290
18694 16101
6407 16177
4165 17460
12956 15026
9395 14805
12092 15109
1092 2955
3360 18808
7155 17480
18752 3699
17455 2241
13395 491
5711 7591
5278 15904
3336 11691
8710 17386
2682 3746
18123 6625
8220 7280
18569 17778
17904 8156
12803 17878
6546 5108
6820 12339
13005 18544
10291 18927
834 11983
4119 7205
8454 4770
2489 8611
16853 6732
17846 14552
1722 14189
15593 7489
12908 17444
1030 2551
3424 6193
7637 17828
19383 13523
16685 18555
11586 15637
17812 7738
9085 13313
5723 9744
8163 9750
11564 2816
2860 6319
8451 5625
11971 8791
3305 16429
472 14462
4801 10215
17731 1587
15362 17698
19928 2663
13944 6880
14260 7257
6334 12100
18719 2801
15623 11334
16705 8736
9891 12121
5481 7756
18088 15047
2369 15402
16218 4733
11257 11471
13491 17896
1729 18381
1675 1876
2558 12310
6480 1985
677 15974
6209 9409
10437 651
7055 16907
11648 5303
3502 426
9256 1929
3224 18959
17375 18461
7917 11019
6400 1759
9611 15535
14581 186
15020 12272
19319 6544
3173 14681
2998 13459
1820 17069
1805 8382
10550 15949
17943 12428
12395 17795
16486 9171
25 15344
19033 14572
6325 13149
7400 3429
12327 18132
6743 10874
14512 1056
8573 5168
7679 15500
2500 14759
15619 2304
16801 14707
8238 9537
5749 14381
2324 17226
3136 11524
19166 9171
13317 18951
16510 14783
13907 2810
11373 8759
9828 10750
8499 14389
7433 12050
16449 16072
18127 1674
18739 1572
19675 7140
16953 15934
11028 17743
15890 6154
7272 11085
19888 11694
2311 17546
14755 16517
2648 12810
5500 5400
4693 17847
14319 6296
6594 11731
6709 18655
6595 10707
5650 8306
10050 15006
14516 19453
6610 17940
11905 3105
11476 8012
2008 2086
749 3081
3220 8846
4832 17634
3422 3360
543 18429
17575 9476
589 14555
15022 7636
16615 4632
10186 19861
1233 8443
16326 5098
16179 13728
3074 12729
3361 15016
7981 1047
12206 11815
19886 1043
18145 18479
11814 7355
8521 7999
3952 9209
19917 11735
13795 15262
1972 18877
5147 15973
2045 18268
14698 12611
6451 11137
6911 2398
10667 6099
9659 2219
8723 17290
3705 16148
1161 16699
1189 7078
4051 13076
14103 3908
16580 4777
16677 18709
19782 17785
18799 14299
16448 8483
6394 1784
19240 437
11774 17076
6503 3156
4485 7832
14293 3833
5544 18967
19884 9711
11055 5586
5370 3660
11266 2382
1741 3106
17146 2105
10638 19344
3040 19634
13090 19806
9554 19309
4419 18502
7787 280
11536 9200
11190 7156
14556 9627
7334 5648
2611 9531
14157 5478
2305 2112
16734 18739
10006 369
6697 13155
1133 10112
11545 1556
14371 10409
5356 13031
9723 7723
17140 16590
18530 2385
12406 2068
15864 10977
13968 2641
7744 2432
9100 18831
18705 9933
5383 18904
17887 1075
14095 12552
15877 9771
18610 10281
13619 17869
14678 7132
6499 18575
12080 12301
8864 1749
8091 3370
16964 1930
409 1574
19207 2097
8836 825
19914 8128
11364 12523
3339 1380
8614 13396
663 8827
11449 11117
8839 1189
17257 16475
10190 7159
6791 3873
14953 8050
15474 13427
12574 15694
13259 1207
9942 14372
2385 4373
11662 6390
5644 8281
380 9743
7929 12871
19788 12345
5807 7960
6759 657
19279 5824
6508 13987
5693 16853
4343 17320
1172 13959
10890 9749
11909 11989
9767 16410
7041 4495
17086 19177
5090 8719
18468 13965
1408 11299
7653 9092
11295 8081
16577 2846
10006 1328
4599 2882
17613 5470
12652 11441
19930 11889
9633 13639
6938 10956
16373 11506
16570 15454
13210 14706
15250 4179
12105 18583
6596 13871
14918 2245
17815 13680
11100 4951
6669 13613
8716 9240
12520 1858
17539 9817
9094 16283
14855 10802
2968 11196
7386 15165
1810 18432
7662 1314
4314 18588
11372 3711
7574 4217
4846 3316
4748 6069
16594 19276
7717 8516
11959 10659
3128 5474
10067 13876
1614 4031
15078 918
16293 8184
12056 5558
10012 2413
17650 6578
11411 11083
272 5609
3300 4553
12820 16287
8191 6331
19447 3490
8121 17509
18942 9337
10112 10769
15026 10445
14934 4576
3176 253
16609 6336
18115 17056
9005 17577
12590 16366
4163 14306
11462 12249
11808 11880
15574 4759
7997 6323
13471 5475
12839 1846
3437 3392
11758 15762
4411 13509
7658 8681
8204 4557
16924 14971
9990 16751
17951 17715
711 5965
7909 722
14074 19502
19892 9365
17890 8498
1546 11476
12972 2834
7681 9625
13996 10213
5634 14037
10085 10011
17818 4899
3937 4331
992 1668
12032 10881
5437 3304
15304 9735
13914 19294
16745 17253
11301 2931
8655 3102
3847 3498
2375 3711
1752 1858
5054 3071
14579 19155
141 5483
9769 9470
9806 12490
466 11038
1081 2827
9263 18935
3607 5210
4125 12388
3460 1512
6914 1908
19331 12092
1976 4762
5780 5421
5618 15876
16144 8268
14424 19752
2255 19959
16543 10856
6663 14463
14169 19102
15096 17284
466 18254
954 14546
3537 19921
3104 6561
9900 5080
16157 466
2732 6609
2864 15522
4174 9330
11256 19273
17492 695
6661 3139
5397 9773
10290 8397
18581 17270
19371 11743
5540 10092
7406 16283
11713 2783
5831 6915
5686 4385
601 8858
9530 2744
15795 11899
16395 9529
4030 15854
14007 18440
18557 19831
16022 19618
6859 4960
7129 12415
14230 18429
6623 5916
16714 18781
4597 1846
18609 19516
19751 12593
10578 13381
17685 6488
3526 3318
17589 13765
2123 7803
18926 18330
12350 11959
15994 9771
19414 19389
6567 2721
504 1036
6818 2044
8449 6962
15877 8287
1206 1856
3557 10877
17813 18749
9174 13826
14883 13527
9383 14644
2697 4907
3964 1603
14462 14690
3037 13028
7164 13505
2370 14252
18998 8872
12294 5149
16020 15382
11536 15745
19528 18276
7851 19882
11176 10985
1772 16926
7439 14627
709 8100
10169 9434
12276 12189
8544 12572
6829 2030
3278 18858
765 1731
9794 4122
17442 612
2107 17600
19211 12296
5284 3604
8122 15459
17971 19820
7285 18726
16794 10113
2649 15010
4602 5687
9240 2349
12961 4027
17629 1290
9005 2442
13373 15193
15837 13293
2778 4701
122 17465
11801 18916
3321 5429
18091 15295
9420 992
15210 9051
16369 5522
16462 7190
12373 16505
7838 19209
3384 2087
1345 13691
2679 17362
12332 10239
7363 7792
18919 13335
11014 5560
918 10295
12148 5408
15289 3888
489 12254
8917 6114
2391 19376
1087 15595
17055 6779
2352 3626
5680 11889
1780 19203
8787 3196
6428 14513
1246 6708
4964 766
7417 10226
15561 11810
12079 8085
1505 11581
15023 7312
16994 13691
4168 16409
16008 10449
1910 3113
18632 1806
17483 4621
16924 14204
7496 7626
19126 2832
9425 14158
18337 11193
1749 19075
17927 828
787 14752
11258 14430
1916 9721
357 16746
17723 10075
8804 6364
9184 15313
9161 16610
9894 10077
8680 19788
10610 13242
126 421
3114 6344
19316 1458
831 14980
18549 13471
7553 14994
18494 9458
18701 11712
9006 10929
10307 1789
4538 10964
18763 16191
7803 14233
733 3218
4461 484
7987 10329
17490 13080
12636 3347
11790 13179
19824 11432
5205 18185
4416 16280
9163 15741
9347 17024
5927 7108
4841 18634
1419 17160
11100 397
6470 15121
17686 4812
19130 1902
3525 11497
11835 1111
7101 10416
18400 1512
2522 5235
8830 3539
18468 2709
17366 19588
7675 16373
4313 14853
8437 16564
12174 10462
9263 10181
11304 3207
2368 8917
16139 11118
16851 7836
9304 15048
15247 19094
5950 13714
10901 6434
1033 10
9924 17018
9746 11051
13742 19783
13826 7546
1592 6697
13649 18404
19665 11177
4662 10348
1930 10069
1718 1732
4697 11853
16645 15272
6504 7657
14069 4339
12182 19131
8113 3651
6964 16451
16154 14898
19176 11895
6590 14450
14369 15388
16763 18968
4117 4111
10653 7951
13924 14081
5761 9600
11019 5647
14984 12589
319 9229
7266 4510
4687 17754
17817 11534
3524 18128
9303 9399
4902 2458
18301 1580
10926 5594
1580 11273
18310 12650
11401 15299
2991 5780
11224 13038
2019 8153
6999 9471
9732 8627
18329 7472
1076 1058
1750 12863
11163 1046
4439 14971
13135 15157
1051 6582
13747 7665
4582 8520
203 1874
4787 9451
10745 16076
9538 7040
1362 10375
6370 4686
2652 2593
1554 13494
9996 9270
13724 2317
6662 6566
17756 6321
11990 6763
18676 2401
10520 189
7008 352
15204 6435
4926 3896
16683 12419
3399 15028
8414 14279
14220 9573
17287 16806
10862 8651
15026 6560
12057 14134
11820 10507
3513 10301
13606 16362
14193 177
2836 14441
10344 10582
6087 5346
16967 4483
5324 2140
12274 11642
1111 2538
10370 6892
3260 16398
1846 19861
17293 14672
19163 12633
3233 11718
2209 17652
1527 14944
9666 13184
14042 9426
9964 19776
3234 18428
17986 13699
2214 16787
5797 1542
18566 5500
1677 18596
9621 12244
7797 6944
10137 11336
1995 8143
10126 5835
11368 11779
12445 6133
3571 10255
4102 12040
667 12395
19335 18875
15969 5228
7915 14013
12298 888
18753 10870
6846 4003
17578 11393
15083 4040
8272 14472
11212 11150
144 6761
657 11353
14690 3694
18311 4410
2266 5258
14174 11807
13526 18889
5896 8451
10038 9917
1939 4991
383 19669
3359 5548
7770 14744
16951 1025
9619 5250
13731 13220
3359 5384
106 1687
11702 5638
8885 9884
4692 13625
5170 17545
7979 17666
7293 13355
8610 7627
11349 14352
4806 15277
8499 6572
2681 12570
18105 18408
8279 1187
1710 9957
17192 19396
4461 17638
15692 1426
14396 16322
18985 11621
3947 10443
10210 17808
7672 9761
13356 5791
6665 1420
12163 10421
12447 10103
18045 18019
18764 18705
18412 4311
17190 2246
19102 5710
5701 8617
9597 4405
17843 8567
7816 14352
82 6140
2196 5531
6404 19245
18665 1809
15547 9207
7468 1491
3348 17748
19782 157
2477 3003
1779 18068
13966 15890
6899 7038
15039 8816
12732 18678
4572 17232
4750 309
2336 13704
9442 6752
3549 4649
15854 530
16467 19332
9788 17486
10979 14686
13369 751
8615 7089
1822 8374
792 12709
12750 13520
11441 527
4307 17231
3562 3118
1387 23
14892 322
5105 5149
17315 13176
2149 4764
15450 15479
19957 13773
10844 3976
12417 12898
15823 1769
18341 3233
17799 2084
10369 16688
10386 15682
188 3503
12268 11815
11629 13046
7420 16169
6783 12331
14057 15366
8109 4229
12646 18141
8139 6244
8285 955
10139 15036
9350 13926
19634 16606
18261 11421
5388 14949
7892 18868
12434 15471
16965 4548
2668 16829
8360 11495
17335 15708
7665 19987
17079 283
17922 13422
15896 12827
5700 5670
2901 14288
18159 10141
2317 16601
17992 13398
6944 14291
7154 1265
16445 12872
2439 9867
6248 18508
3755 6769
3775 1279
19830 13157
6757 7972
10725 2733
11784 2446
19163 10612
13273 13838
12749 4254
2600 2540
3767 6083
13191 252
10057 4843
12553 4345
6971 7763
17433 14659
4871 8713
12807 17768
8855 11068
13299 6
13280 11941
220 17616
5861 6605
19134 17641
2079 13959
14603 8310
12254 9585
135 15232
5908 12309
11916 15927
1041 6044
11791 2597
4033 7765
15020 12725
19959 10021
9110 19163
8684 10471
16669 15747
17946 12528
3900 15794
2916 8409
7087 3168
16079 1836
6678 1487
5974 17838
15158 5335
17460 2300
1882 17780
18016 3670
14007 4890
12936 10540
15908 10861
3339 16061
5739 5144
1627 17208
10703 15295
2468 9993
485 10004
17427 16897
15585 402
5554 6447
1703 8041
8903 3006
16710 6283
13268 7635
13087 9880
6381 19330
17994 7925
6691 8775
9208 19280
3970 7893
17100 1795
17478 13213
17150 3938
12085 1017
15152 8851
11161 8414
18996 8243
15200 17731
1741 1882
8509 6762
769 11648
16802 8217
8600 7583
1053 9021
14733 11972
16299 4
16884 924
7807 201
1269 861
15881 14976
2935 1335
17389 16516
18006 16595
15201 11443
19110 937
15913 16742
6898 8895
4219 13852
3891 3962
12075 16325
11539 1463
871 10205
6925 19551
5134 16967
17780 6202
272 5916
11723 14464
5810 16464
10519 6172
12862 3309
16 4107
7906 11612
13945 13743
7711 16531
15471 10595
17144 1947
19014 12903
2266 4110
17879 9902
11536 7907
19841 15353
6847 4391
19275 10471
732 11464
1864 914
6648 2164
13773 4812
15278 9818
6508 6770
14183 8134
8110 2120
100 2423
2442 18111
3482 17116
17508 3144
19054 17522
8758 14753
7407 19016
2311 15569
13041 17739
2675 7606
10819 14114
4953 4077
18447 15360
13238 1671
8365 7123
15145 14967
8353 13983
222 2979
19926 1334
2474 19558
994 8276
10137 5564
7255 1557
14556 434
1751 10252
10007 12664
17573 2199
7312 4453
8844 16816
4258 1699
7267 17815
17392 772
6108 9216
10315 5377
14753 7841
7651 3869
7514 14491
1966 7319
4806 1500
9728 7706
15379 3443
7168 3965
6866 5567
1197 2147
14026 8916
10970 18073
19300 14710
5338 19633
16744 4837
17848 8842
17464 2284
15231 16553
1581 13079
4839 18409
17420 12936
14062 17752
11040 15145
17447 415
15089 9181
18812 16864
12232 1648
6572 11130
3149 16438
15925 12316
10763 2751
18820 9760
16536 11112
16576 5133
18773 11587
9593 16525
1522 14821
9401 4656
5610 1765
10492 9694
616 5113
8114 8794
13105 2018
8380 14660
7870 6524
18627 17565
886 14383
7633 15560
191 5456
9875 9647
360 18976
8472 11047
10032 6578
4104 826
134 13250
13631 8413
5887 12269
2878 17134
6253 18996
9455 8431
5574 8987
14870 11791
15945 16298
16116 6590
5576 12822
14117 15743
7951 9088
12274 253
16384 14495
1078 1139
17772 12660
426 17394
12600 15839
12576 16828
10866 16319
11028 9414
15139 14188
9570 2480
19006 5765
12047 13389
15187 18465
5717 811
16531 17582
15537 2528
8119 8649
4525 2731
11568 12218
8998 15007
17567 8573
7056 3034
9207 6726
5004 8621
5187 14477
6263 6210
14804 1952
12989 5589
15859 6620
18929 5529
4270 16667
6587 18955
1612 12360
9334 7188
1497 10306
5363 14651
9848 13652
16217 611
6069 2688
6111 3528
2274 13243
10210 8836
17697 16536
3529 19868
9269 10270
5512 3335
14274 736
7236 1857
15844 3089
6372 8412
13697 8324
11134 10067
16958 15253
11073 15248
5462 7823
3700 17338
9044 12332
12403 16742
11507 3664
15470 3321
900 1338
8286 15474
13611 2668
1402 3922
4967 13186
5791 8414
7469 13562
3362 2948
15676 10357
13770 10549
9542 10860
5145 10395
14872 8803
12328 3282
8843 857
18563 11079
13702 2555
12409 13254
8943 1712
18151 18284
8627 12216
3987 16997
219 19048
8208 3184
8787 2470
152 16852
16285 2458
12605 8317
18920 4758
10837 19159
5437 8090
1871 11191
3536 14391
3656 11094
831 17567
11673 13666
2283 6453
8998 7259
13206 14018
9383 13922
19513 8596
2357 14014
5473 9805
2081 7930
2264 1009
10727 4619
10165 12202
543 5718
13501 11500
11171 2333
17638 2686
13748 13191
13808 4179
5393 18800
1938 1414
8505 10137
15667 6637
18224 6487
13654 1859
19908 15221
5831 4200
15782 8508
1537 4481
19690 3012
11101 19708
9670 5437
16580 3850
16484 10211
12638 11888
11145 12592
18925 13928
10676 16571
7012 16190
4963 19534
13794 17955
19160 5205
17422 17532
37 12541
9526 9574
17084 16518
13967 11847
2587 17773
11900 16500
198 3633
4225 8783
152 12883
9076 186
16686 12241
14906 8894
10126 19035
4173 19681
12044 1162
17382 7014
19954 13502
2100 13113
13750 629
3968 10912
14882 7513
4913 13709
12311 3436
1178 14568
10396 7791
666 2875
7075 17795
11285 13401
14149 18664
16912 10162
16075 5850
16474 11863
13059 3677
13374 18295
12451 13742
18713 18925
3057 7729
5807 12029
361 15388
3605 12968
6621 18234
18672 10289
10801 8139
7984 8160
16204 14745
12138 10240
19049 2971
4276 2918
219 17363
5736 7701
17315 12109
18336 8194
9005 5917
3966 6702
14330 16001
9113 10516
13201 13903
2141 218
8648 17470
18152 1160
8856 16293
1556 13059
10863 5672
18445 12901
13535 15237
18612 12135
9541 16096
14881 17877
11113 19994
16335 8697
5351 11967
11894 834
2765 13910
15886 12237
19629 2533
11864 2304
17617 9435
2962 11526
17883 9983
5683 3934
1974 10561
6235 13418
19269 7850
6586 15190
4309 11872
8482 10557
8332 3415
7279 666
11997 1638
17463 6929
14281 6670
9880 978
2687 9316
8728 17323
16118 4535
14919 12521
2206 3750
1701 7086
3677 17022
8257 986
18530 17822
3524 8879
14211 4882
1404 11429
10675 17639
10590 3045
12683 17209
17695 19720
5291 7320
1196 18196
17877 9144
3856 14411
11038 13834
12954 9970
3928 8596
15419 14834
2780 3753
18693 2970
16319 11912
10303 3791
14006 10601
2135 1983
3128 6119
11612 11607
4210 5123
4735 2092
14817 10518
10528 6492
6785 859
12908 14236
16402 14964
10864 9744
17821 15527
15708 10171
6270 8390
18713 3366
10846 3282
11597 5895
11675 6265
9616 12694
10211 7340
19072 11602
10395 15392
6792 18393
4058 6517
3897 8490
10409 6522
2594 19845
3673 7185
2974 16576
586 16634
14750 18586
1127 15099
15269 19391
14734 1449
3677 11903
8316 2947
17427 19335
2314 6644
9703 8313
7371 3409
19274 2662
9098 18881
7621 10756
10139 13005
2968 4521
17683 8163
6410 7405
3101 15020
10585 14512
17255 8377
5506 13858
7538 775
12074 17282
11441 6194
14701 14467
1272 18283
1558 13312
11062 12159
18422 15477
10399 1132
18311 110
18406 16822
10484 9106
8711 11318
5643 11729
8760 7468
15258 8249
19599 7595
19733 17261
15489 4761
15131 15412
15419 14655
2070 7065
14060 2030
16591 9837
7661 449
14455 2431
17972 4904
9156 1644
19894 4982
9 12254
3057 13154
13806 10326
10000 3237
4523 10446
6919 2408
48 6086
13711 2800
8582 11627
16660 6437
11910 7164
5587 5091
12910 13865
14454 8372
19301 5076
16989 10243
11219 12334
17385 9674
16858 15452
18466 3668
16038 3004
18329 10907
2111 588
17492 11743
307 2540
2860 3524
1129 12373
17510 9435
7771 3124
3097 4243
7845 831
377 9084
6775 8844
18705 17702
18780 697
16981 950
15161 9708
19830 2799
14011 10445
15635 10792
2760 9295
7674 13843
17169 7611
13259 18816
6768 6801
11569 9373
13487 1477
13970 9076
13680 6102
11537 11681
6761 13496
12028 15326
5979 11211
13287 13435
8621 15709
19811 5596
17268 7969
17431 8748
1476 7860
3438 15608
15802 13068
15910 8744
11905 13875
3374 18209
12253 14422
1864 569
6419 11495
18024 18405
7585 18827
3720 3632
6186 11465
15759 14096
17748 10760
4879 1249
7318 9093
13897 12139
4248 17674
4252 5475
14849 6368
2798 16764
583 17477
19681 10469
16423 3559
5906 15666
15133 19466
15315 18791
9867 5308
8576 12632
10682 12435
4292 15430
19703 5009
3653 13219
7215 1413
15882 11851
5965 11506
421 14903
11840 7138
4685 9879
8926 7715
17126 11833
19507 1968
16784 5610
19414 14399
13289 15719
11656 8081
12766 14795
12261 19674
261 4237
11222 8677
17053 10190
11259 8716
2404 7945
1653 6333
18611 7014
9358 1680
12740 9673
16407 2819
485 6691
16821 1427
18338 1877
167 7398
14811 13028
6088 17869
11650 10023
11868 9390
15032 11521
16655 6702
2459 17786
16026 13183
19669 19955
9149 16425
19479 14374
10602 13636
17345 10126
15753 2654
2881 3877
15479 13869
1188 16956
8850 16069
3052 14692
18672 6491
13976 12317
14962 16023
19359 58
12587 2860
15076 5125
