600
121
377
806
551
427
445
131
639
788
345
689
276
729
91
213
858
224
752
168
839
737
34
428
140
554
101
699
613
374
408
180
142
506
472
552
467
175
378
849
144
858
105
96
281
472
769
671
675
298
326
323
732
33
752
858
471
467
193
408
777
722
766
68
745
552
135
551
416
381
489
840
824
451
621
116
579
838
454
473
766
798
324
75
749
360
594
430
625
689
215
659
847
88
511
269
831
861
641
345
105
140
633
622
720
87
718
275
845
769
712
364
473
333
409
384
793
269
487
715
263
217
68
863
699
279
224
266
521
861
753
490
523
354
678
871
55
754
305
717
739
831
213
404
634
495
49
191
677
829
725
736
180
159
476
665
503
489
222
652
826
508
870
312
822
623
381
281
332
762
136
150
607
171
573
245
47
150
619
670
708
359
519
414
583
833
98
304
458
357
511
207
635
738
327
446
340
465
411
375
644
631
692
584
542
535
817
714
763
659
513
777
806
552
477
113
540
823
636
610
844
517
565
278
184
487
808
565
89
246
332
706
719
705
426
490
814
515
750
418
267
591
489
504
516
241
735
791
553
636
596
557
702
860
819
124
588
408
696
334
397
729
375
172
353
622
64
92
866
588
128
244
618
747
360
520
684
245
500
250
281
134
72
478
664
56
422
749
435
272
827
515
599
493
805
367
609
295
723
437
38
232
118
234
74
257
807
760
136
143
532
532
849
693
819
559
279
665
330
46
98
431
129
330
848
872
804
265
83
645
162
220
671
108
713
416
90
501
644
166
380
613
664
207
783
547
548
613
436
646
487
590
137
415
56
734
702
272
600
428
445
526
550
509
613
293
578
517
480
31
110
655
188
89
797
207
349
831
662
241
71
670
239
389
798
266
94
408
538
738
817
550
67
272
549
41
735
66
625
83
196
787
137
842
241
239
177
80
622
217
218
576
263
120
455
777
301
130
392
854
704
135
248
617
399
497
276
211
568
763
825
323
671
76
424
356
700
197
486
767
57
443
845
556
94
333
547
374
635
830
177
108
179
264
188
157
826
474
347
603
230
101
306
112
783
479
311
664
749
410
388
211
830
737
125
547
286
690
233
199
98
79
226
362
546
176
208
123
698
549
687
815
559
358
718
71
80
281
137
866
844
713
129
104
258
828
672
126
210
562
143
643
220
308
101
344
282
614
489
386
299
56
306
735
711
41
830
39
853
53
669
572
856
546
527
620
827
73
645
793
552
518
56
301
200
128
320
661
138
636
676
477
229
413
615
483
755
770
586
307
35
853
348
71
377
869
361
131
93
312
379
569
605
273
859
47
872
787
614
868
741
460
230
153
122
134
739
65
197
619
589
658
810
529
640
58
282
46
607
293
790
