2978 36342 30125
34491 22069
9622 7088
2829 27711
33477 409
4812 25380
32956 22291
26088 2872
17444 25586
26522 26510
11379 22287
17044 26060
32511 28714
2642 12876
14580 26723
30051 16595
17648 21749
30874 15669
6439 22664
23041 17866
29379 14616
8818 11069
6827 25779
13456 24330
9178 26780
15856 15658
16283 12551
20562 15038
31756 21571
29906 18701
34067 8300
26954 14571
798 12652
27851 21701
9107 5026
18784 12407
18636 18170
8979 6209
7764 12325
27040 16707
33426 17264
30160 21811
25597 23766
22854 16392
22244 11526
24754 9345
17990 9583
12966 18762
32873 11520
31252 11
34716 17068
33412 1782
21172 27966
1969 20578
15215 6672
3791 10031
9072 2247
32185 14231
34750 7219
11697 14317
12440 28281
15101 19343
23731 16288
21223 28713
28590 23853
5402 6879
18624 27590
8488 1636
21477 15628
21567 2639
21371 15416
36088 15575
12076 6873
4757 10884
15608 4806
8165 28405
29144 8645
4550 22342
19480 27514
12186 2540
11747 6068
22668 17862
21318 19528
26696 4726
25356 21482
15092 28744
18172 20588
27161 14539
16018 5277
19471 7607
16867 9390
28298 9112
5780 28851
12661 26614
11195 7969
18876 6181
28613 5899
27995 8255
7769 244
57 21761
28496 11691
27148 25892
5049 22120
35368 7250
6893 29893
6077 7747
30436 1766
7675 20267
6630 4868
21214 7124
6399 2868
5075 3883
25582 21197
29212 6462
23743 18746
27387 21174
30902 7243
34398 376
21680 811
1761 3342
28831 10951
27980 9831
17455 19092
8773 1082
35200 1082
7797 26943
12878 10651
30556 16347
23775 3020
8918 16347
31538 20280
13831 26401
32202 176
10184 952
13963 1501
30200 21985
2125 24303
5841 7352
15282 10453
32607 13473
31000 2251
30317 1441
21465 10436
23573 3679
1733 1779
12791 16894
29187 8921
7023 1441
8160 7119
36100 2880
33699 23710
2522 10715
164 17903
26994 20795
4976 6321
19751 8444
20375 6944
32525 25839
6748 12857
501 26957
14999 12994
30731 9565
34541 19173
13587 13492
31433 3259
28967 12742
33672 16995
6992 2777
20554 28816
7985 12476
8328 27972
33837 17144
23861 22987
17363 772
30666 1194
11463 17716
33261 3642
20692 4260
13958 602
17931 26008
14213 27155
8749 19841
17837 424
22474 15693
8974 19572
29409 189
36229 4892
19643 20048
30156 6802
30715 28704
15530 25457
21051 8575
7917 12254
5161 22448
17788 12349
12224 27055
15149 1038
11810 16804
684 28856
18535 10471
8855 19074
5097 11707
19872 4152
16624 15948
25577 26952
9317 8651
35084 1176
33519 21006
21827 2589
28045 17974
20025 10266
32143 25602
35678 24305
20821 21526
33729 12329
1153 4155
1339 21272
24646 11328
30164 4294
8580 23256
22834 12760
10841 7168
3511 12315
7858 26805
29118 26362
20249 13478
20917 29754
19925 13439
21153 6987
2044 23744
8246 22094
18097 26251
1325 19862
7167 11350
7533 22592
4199 12760
27743 24858
19045 3842
18124 12998
33060 7943
23490 7280
7249 6321
22486 20088
25984 3392
5955 23494
27710 20171
4313 16429
3689 27335
28821 23115
16698 3676
15020 11905
3383 3883
32088 22362
12488 12304
35385 3626
20458 6428
8340 1229
27955 22831
35355 11094
10046 24099
13414 9480
27990 12533
10270 4819
24581 6519
6469 4753
7804 20236
11969 4199
23607 26017
33884 26748
6802 4296
12190 10467
36258 6857
7627 5069
9210 19825
3523 26793
2773 17781
15864 10219
14724 4724
14451 14344
20481 9987
5483 22478
6217 29633
14888 12276
35045 4789
25300 14952
19155 19670
25612 3600
34149 24614
21527 25144
5126 19101
12885 16230
25857 11880
1305 2704
21005 27264
31700 5080
12506 17649
35656 19402
3816 3336
29582 17640
13636 21018
5859 18193
19227 24996
24795 21789
9485 2545
1498 4867
29055 6274
33322 25109
7015 6141
24507 27758
2994 9982
28184 16835
13119 14001
12118 3326
28244 3541
4546 22200
15450 2208
10106 3593
21257 480
30798 17463
26306 16793
4609 25193
29128 9540
21392 23829
21026 22172
26930 28735
12553 11962
26420 8604
8315 4050
28037 17101
10951 24550
25967 27406
15324 21251
12192 9680
5267 14587
27130 3198
13040 19450
29170 21803
26001 10821
14277 28207
35239 18805
1640 12038
9365 18861
31146 3660
24748 20484
4544 4837
534 1598
2688 8559
11154 4230
24332 25492
4813 18824
36070 24650
21743 25237
25082 29419
30253 29492
7209 26895
1288 22101
25511 19175
21720 18285
17954 20824
10068 23771
28767 29186
34061 24644
2594 12227
25875 21020
1109 24902
3158 1657
31042 24641
12493 18964
31605 21098
8798 7483
5608 20596
1556 12917
32574 2596
32747 19910
12012 19169
30721 19796
6660 18721
7586 14947
7339 13573
7972 28330
15573 3052
25684 22427
35712 27813
19461 5276
16353 15906
861 13611
29521 29206
8031 18132
28877 1435
13485 16561
10408 6166
18898 15338
13059 2499
2463 10000
69 27175
6229 22796
35703 24347
33603 3088
19297 17338
23463 3756
6067 1147
20084 24841
1878 26498
8076 19604
11256 25531
7560 23054
17149 23744
9994 2138
5665 10794
29783 23276
18559 7361
10171 87
6857 10697
13395 6684
23624 11910
33238 18244
26895 22315
648 1893
12876 8768
21610 17433
30751 28810
33744 22639
23114 9847
6955 14303
29950 28826
2639 15700
20022 24995
23175 7101
3290 24473
7082 17417
35425 15482
30253 7865
17817 124
20281 9591
16732 12762
9601 28490
4384 7301
34421 9859
15804 8378
8618 12983
23850 28024
13135 11571
17243 20884
31059 18727
14219 26742
19795 27165
24458 16673
13835 13766
8488 23923
30120 9330
20299 28446
12376 13594
4915 11344
2748 13836
12453 26219
1902 19723
22854 12600
1336 16398
5946 13327
32892 12016
34737 11384
5930 2274
15777 20191
19756 17367
32279 9766
19675 12650
35294 7699
10313 30120
24577 7445
4735 17549
31852 4377
247 777
33618 15926
2642 14224
32598 4688
26675 24969
2315 13458
9318 1926
28236 12332
18743 9711
1335 3678
30425 7878
26291 12345
12001 5654
36058 18232
22680 6963
964 28631
4385 27184
34487 643
28200 16277
36273 1391
13437 284
4713 25366
27036 8963
2291 26197
10907 25455
13069 12159
18689 29234
17959 14974
29180 9896
1062 29504
33690 19504
24206 1171
18340 24834
32455 29021
28527 7105
14538 24692
13528 29668
23416 14680
28065 5669
27717 2002
17117 4304
8913 3361
8067 6853
22381 26538
8354 26582
28652 24616
25126 3897
2831 29385
12649 14212
28967 12842
1475 12764
8562 23290
20856 3743
30926 2711
399 21215
17828 23831
13753 30027
23585 21646
2321 26036
26309 1908
5214 8456
9316 19255
5119 13935
13651 29481
33295 18754
20989 14946
22073 22071
24343 5798
15130 8279
3506 9314
1583 6974
24797 9349
28318 663
24816 20870
610 21838
31064 17782
32434 5598
30547 21937
22482 13103
33139 21939
14782 22054
29464 27776
30530 24913
31086 16279
11603 18496
18971 9624
34768 20680
31912 263
34985 9603
24253 6762
12869 23803
7809 8388
27899 25671
27672 15527
12092 9123
9043 12958
16651 3516
22621 2722
1738 4767
7079 1063
1288 10150
33126 19024
24906 27861
16584 12185
12618 21808
34997 7075
20311 15067
12393 28048
22359 22866
19796 9250
23630 1347
29804 18376
34162 7030
6060 7350
34402 24540
26134 9158
27868 15216
15489 7430
14615 7831
111 10113
7975 14419
10570 25188
11187 16682
32874 9139
18027 27882
2215 23662
25555 526
35462 8280
30482 10576
14493 29528
19982 22498
23067 13681
23406 9561
12502 9918
25510 23820
6730 21548
20353 17407
32280 5836
17095 6494
6147 26187
24871 11221
31472 4690
8268 7566
24179 7702
8377 23400
10014 18217
36176 28347
1482 19509
34753 26684
8144 12489
21103 19692
22148 4269
15906 8298
8061 13611
3503 17348
22868 4207
3226 15695
25088 21571
18895 21324
30572 13489
2736 668
18993 28242
32105 2727
4744 10935
4731 24196
9337 4302
5452 11918
11083 17249
9543 17962
19511 11159
11299 27035
26392 10938
20101 17312
14061 20468
25439 29945
27831 9134
4286 19701
12849 16669
4990 14260
5400 29490
30600 28292
19816 4081
13580 13920
21725 5878
33715 10576
11848 24204
34031 22196
24111 899
31540 17904
22004 26321
2649 26932
11535 15076
32802 9033
23915 21239
3044 24330
24338 17562
29654 18965
921 1379
15727 25951
3551 22242
17084 12121
23843 7405
8395 29329
27549 27702
1310 7235
30230 25068
4092 14096
19403 7652
3749 466
29095 5577
2497 10018
19104 16044
9436 21575
3567 17903
8753 8548
15271 991
19820 28781
24043 12126
17551 26946
19655 21681
35802 27682
19945 23658
1163 26676
18135 24344
8329 7984
19789 11492
33141 13507
23371 9072
29081 12397
34569 17733
17974 27511
3957 27411
23356 9407
17840 8163
13170 29295
5395 3490
4469 13360
16896 6153
29388 25596
30161 9048
28665 3106
15749 23945
18467 5958
23408 13241
31362 3289
10970 26369
9379 9517
19732 18198
28441 25970
21028 8223
19058 5092
9124 2226
28718 29178
9392 26224
677 22261
14922 4591
28837 17065
1001 26
6968 2384
10289 21567
24405 9231
4988 26854
10902 475
33299 21459
3896 4536
11455 17849
19883 16516
8113 1222
8390 3458
11076 20237
4365 24943
7091 25021
20101 27388
29872 1038
600 22892
10533 29509
35198 23401
31216 1166
3313 8299
8293 4594
20204 14178
12463 16589
551 24165
26903 8957
35548 15805
16635 4627
23041 4077
13038 15678
5718 15811
27575 9783
25191 5396
32789 11540
29101 9064
10907 17764
1574 7196
9971 14849
8732 22556
17349 6748
15650 22335
21910 14906
20686 13790
13506 6410
10047 10917
18129 10567
32942 7168
6359 20681
12978 6434
18021 23904
14725 14298
12594 6065
15239 21782
31461 20853
29761 13420
32488 24243
36271 14012
16302 22446
21994 7901
36050 8038
31801 7764
28276 18566
17837 234
27449 11965
35280 22331
5544 2657
22072 10625
11824 4594
3733 2842
21178 10173
5705 1269
27421 6775
2523 7662
18281 9795
20094 19145
4249 10514
16421 29591
6044 24061
26441 5009
34297 12344
22697 15655
9154 5503
16078 18451
16098 1505
27989 27409
29358 2066
27738 23754
18992 11640
34528 10515
30632 22034
22243 15415
24465 13789
3594 2497
11962 17409
22049 9291
9298 29110
12104 14687
11552 17289
31681 21079
19346 8142
12823 27185
12235 28015
22364 12804
26292 24409
308 15361
15248 19954
2085 16813
2735 14582
6527 19826
30942 21375
18323 23445
3968 22525
34570 6547
518 19851
21408 9281
11422 4451
12650 8215
3180 9156
15601 10831
32715 24973
24780 21056
31848 21623
33793 13715
13491 15710
15229 20696
29808 7735
28132 712
32184 14339
32102 22298
11726 16203
9129 26301
32598 26690
7158 8335
11762 27398
35202 11836
6280 20421
24305 12449
20416 22769
2439 12885
17773 21436
32015 28279
9211 295
34202 6394
2906 14848
14618 23872
21938 371
21284 6623
33280 28585
34392 16742
8721 24645
25589 16193
9956 19164
411 23117
822 6457
3135 6023
14830 25866
22737 30098
10775 19038
2367 7265
4110 11049
7355 14984
14274 20715
27979 3228
13569 6712
21241 24295
33170 7904
9223 2024
18756 13374
29513 22616
16850 3253
30594 17215
3547 20384
31868 26195
33754 21384
26483 2932
31841 20163
11679 29468
24099 20120
27833 8349
29886 20862
17647 8213
14306 17411
11046 18369
5933 3498
31336 2182
6752 14511
33097 14353
5501 7784
10577 8310
8123 8302
5753 3670
24406 27892
4889 24504
34537 590
29401 25487
25605 20894
9824 9313
32192 1580
11885 13250
20243 12575
2286 17248
33503 4385
11494 9546
17931 24451
13841 24266
16301 2265
31564 22291
32780 7306
4468 14610
5255 8869
19368 13609
25080 23042
30034 18810
365 9301
16821 2558
2013 14897
9197 26999
30108 20128
17174 23778
21204 3550
28563 17309
17951 2036
13333 20649
6273 11587
11893 6081
14501 22685
27692 29479
13168 13274
5629 5054
31901 20865
526 8415
25473 5306
16748 192
1496 3011
24882 18507
19073 17305
21827 15707
25318 29490
34198 5379
27531 12362
26812 28830
13992 7477
10203 6439
1798 15072
1233 2747
13534 988
35540 17652
19742 3926
1725 6111
22601 14399
2241 19433
16469 5141
26715 125
24565 9622
6830 2957
16735 2541
22171 15080
18499 26804
30302 19871
12343 12089
1412 16957
21729 28091
16990 6787
18369 15357
16196 29961
18515 3845
17987 11588
874 16257
23213 2488
29742 8875
25904 6228
25949 28269
1064 1259
16147 14066
35740 27238
9317 17666
4778 6620
18958 13655
21217 12685
2964 2242
4537 4686
6853 27929
23620 21518
32314 13169
19451 6120
36213 17675
17159 9138
7387 21686
16186 23681
5888 3741
26532 10084
14049 23750
5399 26467
11224 6350
18608 14624
24513 20900
33576 6959
23380 2721
18779 19147
33902 17208
13870 22644
19125 2177
372 2268
15324 25149
1877 17837
14285 8965
27877 7753
14031 6704
10504 27311
393 4809
33668 10153
7867 6431
25956 22380
5247 16163
28524 4850
36017 23346
14147 25599
2768 407
12968 7771
25541 6629
2939 19964
26459 21401
13669 8899
17745 15888
7194 19746
22681 20476
3794 14766
25966 28375
1507 22224
34293 5160
13976 4556
16918 27282
16086 17332
12739 25632
28488 29817
34118 9378
8703 11918
12324 23794
14724 27529
2996 11543
28378 10215
32646 6918
32178 2779
17376 17497
17553 15533
1039 592
1612 19103
26355 23841
7282 26916
3018 17243
28108 7614
17357 2453
22684 25943
34306 2537
15914 28096
15452 3889
27297 13936
33670 3271
8209 17188
26287 15080
8210 29781
3437 14306
35039 16243
11903 24321
13396 28860
28027 19504
22990 8527
27562 29847
21935 23134
18424 13929
34094 10568
9327 27351
11104 1479
35311 7791
16689 22053
505 13192
27869 18065
33966 9776
32718 18099
5399 23640
13528 7319
9110 26720
12806 25798
1005 2970
35887 24169
36103 21041
22376 26194
12319 13293
13848 5407
19379 29747
1304 14702
17272 28816
35976 4520
29549 13117
4757 17515
29136 2128
18631 3430
25144 6976
3676 20950
560 25442
7935 15327
26806 3858
18272 19773
17631 28338
35167 20214
28003 21993
6605 13954
6301 28335
23970 12033
26701 16165
11794 6135
6005 15728
30920 24357
1348 14603
18324 14669
32756 12213
15419 29018
1818 7706
30495 5407
31798 4152
35446 5580
29922 15667
35136 4608
21668 7900
35841 19675
3438 43
27883 15046
8900 13341
1938 8144
29378 8897
3312 25147
12723 3031
3197 25499
2449 1096
25403 22427
36246 15865
5726 3511
462 14244
12493 14567
32092 17450
25504 5702
16294 11995
23011 17463
9539 13253
5543 27240
4077 3488
24385 7171
18075 10630
20606 28481
5692 20019
28343 3459
25732 13005
26329 11277
5867 20449
20437 23613
22662 20461
26509 24233
1285 22264
2374 2307
30466 4790
11918 28549
7236 5808
19809 9120
27999 7826
14129 24983
25019 3645
34559 23215
34590 6432
20902 7740
20353 28232
22690 13162
23490 26908
6549 9843
34193 1424
15017 8569
4038 14365
35247 14288
20916 2607
26950 11879
12212 6840
22161 24786
18333 16973
8345 1959
33680 15261
9853 24441
15299 8885
26309 3767
29214 17370
22891 21141
20203 19133
11429 17460
15463 15470
20357 16311
32193 26869
22171 14859
4871 4530
23771 13186
23752 16660
27805 3810
4689 12136
29344 28012
33033 22847
2537 27590
15936 24345
36252 310
27977 20738
27517 2325
7733 11646
3563 5834
36004 9159
30538 19816
33112 25240
32922 25581
25806 17477
17956 10819
1275 9619
5992 3773
22968 5686
29566 28814
3190 8997
12100 14304
21011 1106
24380 17127
4503 17307
13191 24121
15834 22498
29187 7069
22506 9932
25041 24159
5636 2317
24784 12204
24068 16586
29137 27054
490 22397
5104 27699
31449 28640
394 5629
30919 28041
10070 6401
6388 20462
25157 30078
15362 190
5452 12146
22859 11061
11476 7588
25709 27773
32079 15168
34841 5218
21589 6703
33188 10369
7874 5602
135 4055
22976 14305
4019 21885
15969 7755
12602 29436
33515 27658
28911 9702
17966 13584
19066 18297
31777 362
28586 2988
2014 23204
34521 4902
32257 25518
20972 16171
12423 17547
24213 25232
12821 20937
4636 28250
21164 23769
26810 23918
7756 1588
34277 25331
4502 1082
23373 20324
8166 19198
4987 985
27674 25445
7102 14790
10473 1293
23742 8594
3577 27261
5402 18771
26073 7730
17407 23475
19108 12766
17116 13616
24945 22236
24018 29964
20678 1181
15647 12781
15982 16488
32142 6273
26298 1194
28343 27869
21399 25194
29573 21301
3195 16081
13968 23776
29245 11060
15950 1461
24168 29263
7971 16234
20052 14982
24620 26964
3445 17580
7141 24730
15994 21098
21772 5810
17587 23554
15937 3266
31104 15436
34764 14376
15030 4294
28484 9905
35752 26882
18363 20321
5512 3181
1618 17735
9631 13832
18429 7407
217 14552
25812 25073
15168 13493
1920 16894
21747 14006
8948 27911
17107 26559
16229 9398
4431 1752
1859 22020
30604 13989
3015 8865
21693 26280
10736 12989
1322 11627
16850 13008
19978 8867
16002 15308
28585 28300
19240 14186
8075 11996
14226 20510
28487 4559
6114 27929
34392 785
27368 17456
21895 1596
12414 25384
34679 2903
35529 3945
7712 27114
8980 11836
5492 3279
4110 24483
29906 24311
20979 23118
19329 3292
10215 15201
16713 22376
21123 8277
30878 3805
18396 16349
9756 29590
2658 10662
33653 5319
30411 12106
30948 2286
33276 4019
26244 5937
11736 25262
6059 17466
21230 26017
32025 28699
12614 9646
25958 7701
13672 9953
17530 20144
34438 15824
4180 20705
32357 1005
24201 16627
28972 11898
18892 29511
19663 3596
29493 29932
34137 28462
24604 26851
18307 14446
12261 20245
14773 12208
19364 44
27061 18776
9636 28594
6914 25670
35142 1753
33941 26520
14773 17566
2934 11564
14118 15970
5618 9872
19265 21965
20122 16471
33210 22205
33197 21260
27283 4971
30377 8018
24828 14879
27612 20643
29638 20319
16960 29245
27737 28230
5932 29907
5150 26336
19421 27894
19277 4293
9659 19559
18809 26760
34736 30024
27919 15300
2270 5292
25167 18954
5605 19594
27571 24691
1216 19278
25406 24750
32382 12382
26317 19950
6310 28917
10199 27114
13991 15823
12574 17635
20944 27915
10363 19325
22250 26884
11277 1039
2722 13870
31789 5096
6498 10446
23593 15405
4143 29267
34908 19219
32246 28769
19736 14303
10258 28547
13034 18127
1001 22550
30412 22448
28276 14028
21905 19785
16722 7299
26072 1731
10957 6480
36224 29119
32778 18929
4458 28932
12638 7488
15756 24629
8475 5083
767 18994
7826 24495
605 3079
4670 17727
32009 24817
23266 10184
29522 15827
4019 6730
17104 7082
1118 14465
30930 19034
1224 27097
4361 22894
12519 14399
1963 18136
24521 27647
16120 24776
16533 16874
10416 7121
12343 20291
2841 15291
22641 13492
28064 9412
26584 13142
29524 23702
2669 16705
22232 20990
32276 29595
31374 21959
6897 16453
23543 6426
26544 28458
30749 18472
3456 46
30067 27851
32842 7610
11471 24026
34022 17469
8983 4459
11420 2222
34281 7416
23215 15811
18729 8171
2028 18817
6345 17514
22221 22684
2547 18819
15508 6035
17907 9678
29894 8374
36209 4014
1268 26935
35161 2519
14768 1216
14924 1145
12749 18900
10181 13063
32634 19017
11251 13269
20779 8957
31125 21799
22427 5651
25273 17872
6537 4728
11415 15827
31729 9230
31117 5553
4034 9443
33080 16679
6418 586
23443 26090
4080 16616
11295 15000
21207 7546
32946 12149
11895 10449
28205 19788
2659 19721
19837 16160
3814 1550
34425 1415
19577 3789
10639 8274
20439 6453
22113 24951
6405 6895
18612 26404
12997 19919
3172 15366
4366 22127
19351 15489
21868 27514
23278 18476
8312 11308
23383 20047
35108 22475
9831 17672
1840 1033
8004 13170
35400 28816
15058 26386
22749 392
31022 23467
7413 28047
23139 8806
19868 8801
29623 21571
34263 26809
35979 967
14812 9481
33776 23792
1 27640
24008 5900
12250 1491
4455 7041
19193 20802
11841 6846
1736 14337
15449 8705
11447 11332
19679 3023
32586 18748
30416 3991
14502 13326
30712 9559
32758 7565
11033 25859
9585 4539
5290 10486
3549 2366
28926 26950
31325 12288
14504 17321
25992 30124
304 29670
21295 9581
33689 3016
18854 20050
4901 18338
26673 15776
17156 17485
20716 3549
6097 22305
24642 4250
35051 11000
24346 20826
9129 14498
27677 7058
35993 10844
27236 21735
15351 21351
6453 26447
16838 2609
35969 16806
15210 6715
20903 12546
21521 17504
5949 4148
31111 26931
22732 3766
32345 18427
4129 718
18232 29551
19770 24708
20612 2757
11319 23622
35967 20785
14556 16879
15701 22262
18250 1137
529 11865
1515 7540
19509 24128
3183 14131
330 23022
15267 27821
11573 6094
18850 16904
9408 24882
2205 22752
26668 23730
36038 16437
1473 23710
17637 23000
6737 17659
33188 19350
29070 3593
20871 5443
29143 19559
21969 12661
28937 12212
5684 21364
7322 13879
17546 22624
14516 26527
134 20660
5680 14719
34639 12473
4437 3847
4524 18479
13463 29160
12544 46
5674 3699
25135 4313
6226 7422
10501 28848
23659 26269
32005 18143
14375 17676
8684 19325
3286 17337
3356 20774
599 20763
15394 14091
30775 17709
30888 8271
24512 4296
34741 15251
15536 26544
26280 4872
16718 3775
2365 14692
32736 15855
10086 18703
33876 14815
27573 5860
24243 7096
24782 6686
17010 22526
4553 13581
20591 11629
16862 1867
11414 26005
4409 19040
27797 15267
5194 30043
6970 19477
15761 18138
15605 16034
13493 10896
34418 4773
15679 4695
11563 15292
3518 6320
19000 20330
28527 9802
35085 6928
31085 23480
11769 2895
28349 7877
30384 15373
21969 6495
6036 24616
7067 26096
14820 12978
35550 26338
3976 11891
8038 29325
11658 18442
22427 5701
20105 7116
25111 25251
22169 22642
23010 20533
25714 6702
9980 29942
10442 14728
7534 18411
23571 10418
18868 18226
17499 29534
10372 20873
32117 29953
32250 16637
2124 4506
1675 895
8685 18719
17239 8021
35354 20864
10287 16946
8151 22455
7498 23833
15609 478
12823 29029
24679 9703
4523 9019
9216 20277
8284 12703
24908 18400
28081 28393
27661 9235
7840 27706
28186 13827
4742 17610
33817 17203
13424 3323
17720 10235
11705 21047
11076 23531
16778 12231
29297 13231
14541 10986
15079 22377
20580 7486
26455 3233
34699 16049
22148 22972
28459 2094
3513 18124
21651 29139
27840 339
33024 103
9187 10272
20277 22964
13153 19544
6149 19938
6921 11028
12351 2885
22783 21383
11413 13975
35818 13841
16408 19647
11347 8307
27229 19918
14922 2554
18398 6146
12725 20269
14499 11857
32243 23747
35496 9030
2269 27984
31375 16977
3195 12245
15433 16050
7940 15118
24593 25565
20303 21216
23245 11987
13574 16122
20453 16290
4155 28081
12250 14894
26640 26593
10768 27847
14559 24834
26475 9441
34934 27339
22647 23564
34580 20530
20246 22370
9127 18992
25688 15586
24064 19673
12019 6867
9168 15129
34108 11735
2614 13725
6185 27083
29150 3357
24623 16681
12592 28408
7825 18863
13457 14266
10789 21882
7366 2969
11488 14008
2569 15072
5460 5092
20064 24408
8694 3101
10383 29643
8864 24776
15230 3459
6359 16181
27913 10188
27134 16466
35953 18908
28749 18701
23178 26168
10048 24071
12957 6126
32683 22016
15085 19028
11541 7625
10022 21837
15388 22545
3765 25876
25605 10419
21295 13967
35183 28564
16541 3743
25997 5726
20710 4080
22298 23255
31086 5365
989 25816
10849 19442
3869 6402
28301 16201
30069 9668
20990 20060
24343 22337
26067 5284
34808 12446
20557 4554
13203 25442
27780 25445
22802 24199
5041 7475
33800 19771
10534 22530
15126 7174
15027 17683
11783 17000
1606 12955
32196 29780
18323 29332
26919 21246
15103 1263
3947 28648
3618 918
10338 15967
28523 3147
29648 29064
7753 23586
1847 26634
21563 15415
28979 7355
12868 18653
22565 145
15864 7982
14579 26973
8256 20057
21872 5342
21665 3277
15359 24585
19346 19212
21761 1513
10036 19165
11313 6892
16118 23485
31691 17893
2444 2991
2752 21481
6814 11642
13404 23362
1606 22997
11083 16112
11387 29354
3679 2759
25180 21961
7006 2368
30507 29999
34820 1441
28171 9428
31854 10362
9361 10326
33562 140
21882 27903
14811 14152
21847 23168
7611 10398
13827 29963
35258 17680
25172 21561
14795 10176
20716 22665
12510 18510
15547 11647
5435 27710
32623 7386
15444 20387
22023 13866
30726 28583
33206 27492
31587 1887
24547 19881
5539 29705
6986 23660
12438 27727
7070 1582
33649 2822
33278 30026
737 27553
4318 25821
32173 26278
23825 20265
9062 19003
734 13680
8680 25842
22095 15474
35852 17436
10219 14613
2117 11311
27079 27187
30449 4464
12101 19126
14811 4794
11343 19291
4950 28107
14284 5113
15168 16841
5946 26534
28660 6556
27256 28839
7728 1286
21942 25785
25364 9793
30592 21338
23618 12676
13080 10799
33367 22091
12074 14211
23748 1890
13490 14297
36174 24364
24552 10203
19005 17761
33426 12993
26543 15215
2000 8873
11865 25998
23257 23803
21671 30107
27221 2293
14480 29249
24352 8058
18104 15592
1834 3603
34991 27808
21786 29072
19679 2023
15399 21800
11669 15151
17433 18636
802 3516
2052 26740
23245 13217
15047 17607
19991 4636
23730 11794
9393 7127
1225 13094
28149 7384
11497 13373
16017 5280
30616 28132
2610 18311
36309 21104
20432 19092
7247 30105
29536 24468
19405 29064
15525 9157
35948 20544
13741 15532
946 1782
33792 27905
30878 346
20327 27251
12057 20436
25533 13264
23189 4810
26132 9811
12732 28548
568 27673
33538 9114
21420 18268
9552 25780
32346 13766
8573 12966
842 23078
20601 12410
16741 22785
5977 5860
24021 28791
8396 28517
2892 13824
19901 28686
9855 4032
7378 24222
13466 6755
12256 25359
8338 18513
9286 15900
26866 493
35582 4023
12230 1633
24973 4014
30431 15320
5431 7706
35368 5847
17488 26425
15075 11832
31650 1695
19226 7298
29503 29691
27869 15195
2502 7875
30429 8011
26060 9554
11922 30067
14891 19362
10834 20819
8144 11301
13813 29589
17700 21435
24336 29742
34620 10682
11226 11622
20906 24817
19453 18904
492 19997
36254 12955
22437 28429
7175 11518
21843 24114
24195 7276
6363 785
21100 11308
36291 2681
12530 26023
16949 3823
6951 13569
9992 947
21971 10660
35557 14734
5033 2048
27960 2916
35216 1361
19719 9625
32861 10392
2844 22547
33484 7807
15819 9315
24078 18691
16827 5741
9874 15808
32706 12244
21142 10590
10658 5601
5855 24620
26097 9530
34306 28205
4639 9042
33667 26914
26077 1819
29056 1685
5135 342
10210 5801
23352 12468
3385 19177
35641 4456
239 10376
10178 5270
31978 7670
1353 2406
12654 7743
35894 1427
30185 18630
19754 14389
23316 23450
21124 24010
30053 18809
25087 11172
3366 12995
30773 20304
8361 28269
11355 15317
17464 13413
27646 7166
12084 6611
23653 26736
35005 1538
5015 11582
14841 10553
30869 20379
14489 9609
6832 20641
3462 9578
6136 21580
28675 24086
36007 3829
10829 16600
24521 4066
22997 24992
13714 25698
11397 21666
16037 23641
26463 1639
27918 16985
20174 10195
35229 22313
13149 18622
24636 14822
2714 17150
4439 8863
22505 8166
27983 23255
9123 7523
19605 15640
28177 17854
20423 19075
20348 16953
21092 3207
27824 14157
13489 18541
9557 23660
11941 27373
26946 28704
17380 27260
5834 8808
25224 5261
15859 4445
30510 14848
30210 13240
14230 24951
33880 8324
5231 10716
26841 21750
22278 21835
19128 4751
6436 5051
26668 11970
5708 20769
27310 18546
4381 15674
12657 11245
27259 13393
30524 22915
7079 13595
25563 27302
25600 18262
6603 14747
16282 28816
26859 21556
425 22682
5540 12090
17503 20709
19791 22227
10627 18729
1128 3469
11949 23550
30289 27941
26734 6109
710 14678
19440 26884
24107 15448
28388 14476
11953 28341
4406 3090
22071 29547
12225 20293
34352 16609
9071 12201
16722 7414
21152 2450
17915 26659
32894 27600
22839 6494
6824 1557
5099 3129
35182 1977
12567 19211
31754 26569
23906 24439
17103 3851
11391 3632
30772 4681
29594 20887
25607 16567
6525 6402
1492 17299
13632 5582
18954 23943
9866 14893
20520 27697
34874 10658
33047 28309
14261 29626
21975 2171
22878 1960
16422 9443
5827 22523
2247 18241
14771 2966
20262 12961
261 13677
33085 7474
19582 9765
35295 1435
16028 13140
15421 8095
25221 25176
29406 18567
18842 5616
26500 2179
16269 300
6624 28776
10167 13622
20560 28698
35360 28072
34384 5620
26565 7214
1187 11005
32680 23817
8999 23540
25417 23043
1051 24057
29930 30078
7116 5885
29679 7537
26258 10338
5655 26601
12151 11056
24369 14288
34328 14268
9543 22605
28884 13182
30835 15779
35547 10321
24243 6363
12688 21975
6521 4897
15222 23567
28895 10106
14369 3598
17392 25627
15079 19354
34893 10620
28994 25148
5787 21674
13983 13435
16273 26574
14765 14060
14781 27030
25189 10739
28345 29298
4163 4437
3591 27127
27649 20056
33075 11613
14236 1358
6780 5657
8750 14194
5652 13603
25231 3757
31336 25522
19770 10712
19554 13127
2914 6392
16140 2045
8342 4471
32120 7272
14060 25475
36168 9133
12850 24184
25443 26028
7405 17390
2370 24069
18225 28540
10244 20259
25777 16379
12552 857
1568 14063
34303 6100
7369 22556
3016 8365
36284 6149
34923 21188
2656 7722
28769 25733
13152 23391
32806 8742
2375 25633
12621 25607
4834 27370
32495 16578
2722 14262
19578 11978
7084 22898
12050 6176
9245 4149
9616 18588
9437 854
13280 2940
33250 20268
14533 5652
24682 17517
31237 21792
32615 10739
35137 16804
13196 11769
16770 22356
27046 22188
27667 1416
5962 22402
7248 12186
5451 23950
12775 2188
12446 4943
13147 11982
23030 2962
9107 18896
31137 30092
31563 250
34080 21202
8977 30115
33671 8452
5859 8362
34345 25416
2869 14271
22955 22717
12239 14284
32578 26873
32142 7240
33235 19227
31264 18752
10992 440
35688 24900
9964 22334
4293 16368
35765 9624
8142 6737
10093 24033
23759 19757
34136 24715
3804 22592
9796 11006
34788 10506
33567 11417
15347 11015
30593 23157
10443 26724
1958 8694
18319 7503
32140 12499
1137 6049
33724 1189
36256 918
26277 21008
5664 16115
2169 7259
17030 15645
5169 7353
3820 26610
3668 26932
32403 15312
6874 29866
30685 23922
4750 20043
27759 12018
1559 8566
33501 19080
25047 21954
26325 12925
31522 20097
13045 23444
2275 13295
17117 8230
8776 26158
17764 29218
3457 22253
23504 23270
783 8866
8475 29810
10518 5278
27894 28653
11542 13983
19190 20784
7273 10083
27169 10437
9675 16217
20578 14416
9898 21109
33251 1832
13937 19607
2901 5119
21261 27113
20741 23929
30307 22346
34053 16698
1911 14916
16166 18942
21526 819
14732 18702
12339 10977
30855 8865
23026 7015
10486 28883
14973 15900
25242 24674
8972 2269
19447 8484
3307 4420
8848 26311
3748 24052
3465 24774
26012 11566
3125 25317
13631 19725
25660 29440
28085 17747
30110 28850
35952 20703
17495 17096
3166 2387
20113 14430
12737 6954
8757 17600
11984 10235
15939 22212
7490 29490
9237 11786
35470 15462
20174 28488
291 12880
19609 3658
33541 24417
21576 29505
26728 23807
878 17244
8953 22225
32829 29142
27851 18433
8250 17365
9865 21292
20587 3606
14020 5611
13261 4644
8143 3830
17413 15728
18308 23677
2764 10641
12863 15600
21189 25552
16488 9628
3660 19631
27933 23416
20637 799
11071 28268
21530 26629
15383 17817
6784 24489
15235 16190
31355 8839
31462 3470
16783 13884
16629 11870
2750 22931
23195 6194
979 17486
28933 19241
20945 17109
4870 4653
18483 18504
13931 25748
35784 25740
1533 17071
22338 24377
2030 10656
5853 10980
27446 21399
3659 22870
3259 13117
33325 8169
10444 29268
21795 13763
22106 4858
7920 4454
34589 9684
19874 25050
5555 20974
26257 21485
29502 5348
25566 16084
4602 1903
16274 6358
29608 20919
7081 8867
10127 29016
16765 25292
21564 29519
34009 23212
3721 18524
27609 24492
27870 4432
35 13345
30125 15192
17567 4313
10246 16337
12364 19160
12852 18207
6223 27567
35613 2048
8592 22015
15600 28608
31040 24572
31268 21113
23818 13812
10535 4880
12154 24535
4275 13812
14733 18915
13766 9509
31335 14920
23768 24654
889 29379
35194 4122
32328 26436
9997 7808
10875 27650
15970 9987
24807 3189
28602 2047
12010 20117
29425 22504
35857 17545
2667 21452
5981 4991
24638 24894
22626 25315
33471 22877
7501 2095
7525 8529
13399 604
25897 12267
26133 1156
29983 12892
16898 10968
5696 2555
22684 22694
9134 24148
20754 13678
2382 11845
14489 6675
13666 17560
30438 18763
25399 16685
12900 27520
21639 20807
1271 1787
30993 8853
35638 23044
33393 25154
23792 23899
15663 23918
134 7790
6249 9049
32143 1899
27686 3085
2334 3038
4440 7667
7844 19325
27269 25211
25632 12573
34519 4972
12445 29398
33922 15678
7650 19533
8549 14527
13450 1438
7986 9121
32905 24494
16610 27541
28463 23576
4252 9440
13730 13172
11785 24312
6965 19718
8105 29514
7636 23390
8764 22027
22055 864
7616 23693
20813 20735
24687 25951
18644 19807
12619 1007
31451 9331
12616 27541
2355 21462
14446 21012
6450 7948
33290 17483
32542 13394
4710 854
4887 11955
8397 13516
19806 13192
26577 16328
26517 27745
25717 11421
5410 7038
536 19015
31645 29691
5704 2260
24213 28294
21055 19468
32653 328
8895 14819
6358 22308
9773 15760
32028 4617
15801 4518
22384 22121
11351 11662
15377 177
18318 16402
33458 28676
25927 11860
16437 15749
24124 22535
11066 28540
33878 7405
4882 1851
9308 18939
33383 7624
16542 8715
29987 24830
281 27574
18482 9573
36339 13177
23074 12150
9468 29600
34549 9696
20804 22660
9765 19164
254 2115
2883 17516
18779 1521
4253 29008
19162 1899
25236 25677
336 19756
3749 14533
18705 13767
32454 14510
27174 25364
25688 3092
1106 24267
25530 5395
25810 5676
14840 3180
21802 29825
31235 20320
32758 18172
7178 30056
8810 17009
24942 10191
11248 24224
9568 20076
30162 13794
3301 16829
23120 28406
30552 10345
28613 23646
21801 29452
36024 24278
6485 2013
26866 7266
21310 4504
28996 21588
13703 3646
16672 24989
19776 20729
27253 9566
31817 26716
11172 15789
11718 23406
28307 26727
3238 30000
17957 22200
6782 9199
735 3587
15609 9880
23079 25006
24705 4487
6968 4774
21387 19837
5327 6103
5679 556
728 14583
11023 21905
4446 16094
2977 14564
2028 12719
35637 18353
29736 25661
29691 23133
29470 30035
18663 28101
10655 26839
22610 19946
21168 23301
33065 16167
27546 5700
11317 24819
29149 23967
5787 23105
28649 7178
32680 29694
20067 886
27191 7679
1974 5756
30163 4068
28164 3205
27729 12024
36263 9307
20565 21861
1546 13083
36159 8369
22719 8441
9460 471
19736 29769
14573 2716
30532 23437
16501 2962
16757 25890
19248 11973
26223 12862
22881 23520
21523 12920
24815 15808
10503 29898
34002 8553
22865 28491
21357 23767
22973 2933
25241 14543
24093 15742
27008 3211
13681 1004
13388 4286
431 21467
21589 23782
25410 5844
3437 26224
3068 7771
2364 9729
28833 6440
20129 19825
1846 13246
23336 28869
24458 17570
10593 19593
6147 1246
22832 17884
18436 21547
33229 29461
21506 5149
15144 27304
13090 16484
31223 29087
1938 8287
12772 11527
15436 27317
18078 22428
35177 7995
35527 17207
10550 4873
20835 28318
31641 24316
32874 1197
21815 12298
17314 11409
4913 10626
12464 318
8019 18261
4913 15793
3039 9643
7628 739
6543 10612
28313 10497
29130 16405
13189 28977
25135 28016
9037 19334
18740 29204
25554 29845
8553 13532
21686 28645
34294 1874
2798 20809
22051 3458
30936 2049
7255 6185
8105 22758
31856 23274
10265 9877
33814 26051
12556 1791
35791 3100
13624 9304
26810 22140
10481 12819
22896 30105
33370 7405
488 28135
13527 4280
26648 10711
9298 7889
19077 9202
21654 1736
24662 28529
491 14489
16206 20998
19637 26434
2470 19120
12756 3441
23597 95
35232 15533
14910 24648
27597 22662
2663 3920
27158 11684
25214 18480
12942 16224
22364 3741
29465 937
24813 4868
3110 24567
33692 7034
35257 1543
7383 18356
19099 1614
31188 16130
3568 23605
35828 19416
9589 22063
25516 25539
10675 10954
27846 7823
35254 2149
13863 27873
30595 5792
17096 26804
18426 2301
30595 17745
6274 11997
23089 7385
20969 13540
25568 21562
4797 9759
23755 15387
18333 11560
1918 26066
20997 9964
14452 20805
33837 17861
28879 997
30409 440
22548 19566
20042 15060
18161 29846
9533 15337
3442 25086
31546 22000
35492 13009
8098 6431
23359 19100
30356 15232
8112 6450
68 7142
6996 22551
11853 11053
14864 20510
11306 15152
3447 29229
16266 22631
15598 2555
32112 14983
3885 9366
11443 29491
29846 27055
17503 9027
1369 4915
7899 19452
27317 3887
28723 20923
23400 20687
14725 8063
3192 14170
30185 9139
27565 19973
25808 16989
13518 29761
5385 11552
2811 14006
901 15196
