1000 10000
71
81
40
38
68
59
98
54
99
83
18
37
27
87
76
28
44
81
10
27
8
41
69
25
12
53
63
78
59
24
23
80
79
19
62
52
28
21
21
70
99
89
59
93
23
9
19
51
5
36
96
12
97
25
55
82
48
71
44
96
84
41
37
86
98
13
89
6
33
19
10
59
41
88
35
62
92
85
75
69
22
71
65
63
41
90
55
6
39
72
29
12
39
80
96
7
9
78
75
12
78
12
62
67
21
22
58
50
86
74
93
61
69
29
27
70
44
98
51
100
63
18
65
71
42
71
47
89
58
57
7
14
28
68
32
63
64
58
82
45
51
8
83
79
25
34
91
48
37
14
90
25
37
35
20
78
86
13
72
32
95
78
48
84
63
7
60
13
93
43
64
24
20
35
10
18
35
70
100
13
45
39
64
86
80
14
51
8
80
100
14
74
87
99
52
63
50
92
39
60
59
43
40
94
9
35
95
76
47
28
56
69
99
78
74
71
53
26
42
83
85
9
57
57
97
70
69
31
96
20
99
37
66
56
45
93
10
22
89
56
40
100
37
62
17
94
84
11
52
60
11
83
13
89
67
6
23
28
54
62
78
21
54
10
68
80
42
14
73
23
43
43
10
65
24
33
40
64
62
89
92
97
21
60
97
93
66
85
78
100
16
39
28
43
18
85
89
65
23
58
44
90
52
45
95
69
74
56
38
32
46
83
90
71
87
90
90
90
76
15
31
88
40
21
78
92
30
59
18
63
23
30
45
27
96
73
42
55
24
53
85
73
6
30
41
43
11
28
62
41
97
60
51
99
95
21
92
14
92
68
55
75
15
6
69
66
86
26
29
87
73
64
46
65
45
63
23
28
27
19
9
95
32
75
27
9
61
79
44
52
17
42
36
28
23
53
63
30
35
28
78
48
68
41
31
96
34
73
21
42
35
47
62
27
34
75
49
82
63
38
44
84
93
54
92
36
53
19
79
85
65
97
27
10
78
59
95
20
46
62
5
51
80
28
29
32
42
48
10
62
21
72
45
90
72
26
100
54
69
43
50
28
52
77
59
74
8
52
69
82
78
97
75
55
28
5
7
22
35
64
75
96
25
53
85
96
81
10
24
38
84
44
6
10
82
66
11
6
8
18
5
90
39
16
86
80
79
80
79
62
68
22
9
7
53
44
85
36
45
61
6
46
11
59
55
59
49
42
52
71
71
65
79
73
16
93
78
63
42
47
96
24
95
16
47
37
76
69
82
19
60
81
69
73
49
97
98
85
90
61
71
5
45
54
43
85
39
97
79
14
44
49
34
89
10
57
12
71
42
49
53
7
57
40
47
92
59
47
59
21
58
25
63
73
60
61
94
5
15
86
10
41
78
21
98
15
93
39
9
13
14
29
42
12
25
22
79
92
60
68
11
76
28
77
47
12
54
90
95
11
81
51
86
88
49
94
91
72
11
31
32
98
66
60
53
38
55
52
39
89
35
64
14
7
78
70
46
70
72
79
12
36
29
56
85
83
58
82
33
34
55
8
83
94
16
80
10
14
27
7
35
65
97
19
19
51
5
90
75
30
38
53
44
8
58
20
46
14
47
98
8
79
60
59
24
31
28
48
68
17
32
49
9
73
44
16
25
12
12
93
67
62
76
9
53
17
10
26
42
15
76
5
44
30
52
13
82
78
91
17
18
48
69
40
49
85
20
14
83
75
49
78
100
27
99
5
93
69
61
97
92
6
41
95
22
37
48
60
32
82
28
45
19
69
96
36
96
51
62
13
27
81
5
29
91
48
74
54
80
64
86
15
81
70
78
34
15
29
15
94
26
39
83
23
47
25
30
83
13
5
9
25
94
54
86
40
91
96
100
97
74
22
50
77
54
57
51
36
30
72
15
5
30
58
94
69
62
42
38
84
78
52
18
43
36
21
45
56
61
9
16
7
11
15
75
70
94
57
99
78
51
34
20
24
67
5
67
11
61
71
87
97
87
72
36
37
87
67
91
24
47
12
8
53
29
71
77
37
34
97
26
87
60
36
39
63
31
42
91
31
81
12
96
24
95
53
33
54
85
66
44
77
40
89
12
79
22
11
27
35
75
48
68
43
100
99
81
93
74
88
66
74
18
24
30
12
35
85
6
68
51
17
56
6
96
9
58
18
11
35
15
29
32
84
8
65
92
88
82
98
92
100
11
76
9
24
82
28
11
80
6
49
93
25
69
12
21
56
55
72
57
77
39
100
55
6
98
76
8
64
86
75
38
62
13
54
63
35
74
77
