6716 1280
84
7
75
52
80
77
65
17
9
24
85
23
46
88
36
41
85
53
69
29
46
93
90
50
41
87
44
90
49
80
63
83
4
43
87
23
76
71
51
16
63
14
48
48
7
71
8
64
49
85
87
70
88
56
71
76
63
68
87
62
49
18
83
57
87
6
9
25
25
24
21
46
97
43
42
17
64
10
51
79
57
59
31
45
67
36
5
12
9
85
59
35
89
84
26
20
5
99
16
11
66
80
58
67
81
22
45
61
94
58
80
8
22
44
100
77
8
34
66
88
72
96
17
99
15
31
72
21
80
100
80
92
23
59
30
40
95
70
36
76
52
95
84
21
93
6
5
5
70
78
15
97
18
58
79
95
88
13
100
39
54
86
99
53
28
41
25
10
72
27
44
80
28
46
33
64
99
50
14
6
68
46
42
38
39
92
67
45
33
89
49
63
44
18
29
85
4
30
82
54
89
39
59
21
79
70
95
18
66
34
7
72
99
76
90
91
39
89
22
12
77
70
81
87
61
95
87
40
99
33
30
91
82
28
55
8
50
79
37
23
33
63
43
33
74
92
33
59
4
20
58
58
25
71
10
27
20
56
25
62
49
42
60
62
12
100
28
42
48
82
56
34
89
18
96
86
34
76
21
24
65
8
37
59
38
23
64
56
7
99
48
72
71
12
29
19
29
63
93
70
53
97
85
65
68
49
4
76
81
96
83
50
53
59
92
39
92
29
62
63
10
42
50
36
54
27
60
62
4
42
61
60
55
33
55
5
4
83
82
26
40
23
87
9
80
19
61
40
69
10
83
57
47
93
80
40
28
88
38
11
19
7
68
39
37
23
77
99
66
90
22
13
53
49
76
71
44
42
57
36
85
80
87
8
25
46
8
36
57
74
72
78
68
27
94
4
60
89
98
38
7
19
73
72
44
65
7
34
14
13
26
36
92
93
52
16
74
4
38
85
48
47
94
32
92
87
46
54
16
60
96
74
92
86
41
55
74
38
4
41
64
72
20
72
58
84
58
9
89
42
84
60
75
32
80
6
18
9
36
89
46
48
16
58
47
88
41
31
48
46
10
11
56
42
16
43
86
99
28
15
41
30
49
33
99
36
76
81
49
31
49
48
6
24
76
5
89
82
49
14
73
8
97
41
99
57
80
51
77
43
4
88
71
97
54
29
94
84
54
12
26
19
86
42
50
47
37
84
4
28
64
71
32
66
27
24
90
83
48
21
9
69
79
74
49
51
32
72
71
66
74
82
59
80
81
70
19
88
39
43
19
24
21
98
100
39
6
42
39
52
73
84
72
8
96
56
15
29
75
33
69
100
41
74
29
98
33
8
80
14
59
60
58
83
83
66
52
100
40
88
4
27
32
77
66
17
48
47
19
34
59
22
78
81
15
68
14
96
55
57
22
52
21
100
30
17
81
5
6
48
71
99
13
11
19
61
17
65
84
85
12
31
36
94
6
28
68
81
91
12
66
41
44
70
15
72
15
80
16
63
46
65
39
50
46
91
61
12
88
64
96
61
100
98
66
37
20
25
43
64
69
38
76
99
98
60
14
57
25
7
64
78
93
74
78
25
58
13
62
62
7
40
93
33
44
10
48
98
88
83
23
21
100
82
78
53
5
32
9
36
83
52
73
65
74
80
64
21
90
38
83
43
27
22
97
8
29
49
58
73
65
35
71
15
47
31
72
27
51
79
13
17
36
57
6
64
31
10
51
38
54
30
59
37
78
48
6
26
19
48
79
15
76
32
8
93
10
20
86
84
78
31
42
84
67
85
48
57
82
27
36
60
28
26
83
96
73
51
47
68
49
80
18
39
21
60
47
95
39
31
52
60
18
87
44
12
8
97
78
20
33
55
92
6
56
40
12
47
70
29
18
41
80
10
44
59
58
36
14
82
67
48
93
16
62
6
50
63
14
31
21
39
35
26
99
47
99
48
22
77
25
53
91
61
70
68
97
32
89
63
87
20
99
67
52
44
32
45
78
53
23
6
5
19
7
55
46
32
78
47
26
22
86
99
90
58
96
7
34
54
62
38
97
52
72
80
91
64
93
79
54
26
51
52
20
90
8
80
95
51
9
64
78
50
58
96
9
54
73
29
44
22
86
80
52
46
64
91
82
27
38
25
72
25
57
61
47
32
78
54
99
66
95
99
79
15
33
29
49
90
12
59
66
78
26
51
86
20
51
35
78
10
99
79
22
53
64
44
36
75
92
68
92
92
12
23
50
30
53
65
100
8
87
41
44
25
90
90
63
97
7
40
81
97
65
58
74
9
11
55
57
43
49
18
50
52
15
43
17
5
97
93
73
90
29
13
16
56
76
71
5
39
20
55
49
35
89
53
30
90
94
59
90
35
95
73
67
27
38
76
45
78
52
43
88
35
53
79
73
88
47
38
47
77
71
71
70
39
28
18
93
45
38
28
53
68
77
71
81
91
25
99
62
93
43
50
18
60
69
89
9
95
31
97
14
33
78
74
90
56
57
70
36
66
96
48
79
33
10
95
17
55
13
68
36
21
37
99
10
44
72
35
6
27
51
61
85
31
97
96
50
62
72
87
81
7
81
90
43
84
7
26
41
82
19
96
98
100
53
56
43
71
29
93
48
66
86
58
7
33
46
14
10
15
32
56
84
80
98
59
89
18
68
30
50
98
59
74
47
92
54
4
73
46
68
95
49
8
81
51
62
66
77
21
76
59
12
35
51
54
89
43
42
51
44
90
34
61
80
50
27
69
78
44
21
73
9
93
70
59
36
62
45
58
85
55
96
78
39
69
7
24
24
53
30
42
27
47
66
6
16
56
18
47
79
83
29
69
65
31
81
89
78
36
15
80
72
54
100
61
13
29
15
6
60
82
43
20
53
53
57
91
73
15
61
70
41
82
66
15