1001
462
780
489
316
398
62
77
97
376
832
285
503
70
722
432
283
527
517
541
732
393
730
781
857
691
505
767
543
601
193
17
81
303
815
35
900
678
622
529
797
153
565
450
701
435
502
395
597
423
798
601
234
178
447
278
223
809
518
127
737
260
127
347
555
517
571
695
200
414
613
536
254
63
808
890
160
79
355
619
539
68
578
245
580
816
363
506
209
308
294
549
25
770
206
708
709
241
423
889
329
775
867
801
133
146
661
831
480
92
523
742
512
732
580
59
720
348
829
185
712
498
518
835
498
79
435
194
47
111
861
360
109
718
142
613
403
81
536
382
804
424
577
65
663
783
364
882
470
555
388
352
336
848
687
825
52
848
871
894
687
649
538
713
329
713
375
644
190
229
361
132
682
738
35
828
511
811
478
651
520
673
555
797
111
860
503
542
362
755
221
426
68
28
266
421
21
886
284
761
410
683
44
602
632
467
116
308
740
136
781
480
548
854
745
628
86
505
463
677
741
134
820
710
822
893
842
455
653
833
363
495
834
303
697
753
897
223
568
774
202
543
263
655
65
371
676
591
117
304
252
129
275
586
409
275
310
382
158
778
547
547
144
524
126
634
665
736
324
440
10
51
517
419
737
18
384
311
553
618
542
366
724
524
526
414
357
138
54
785
897
307
272
222
852
697
203
571
77
384
655
445
454
882
670
68
158
221
76
774
121
92
266
293
769
385
739
31
86
99
885
535
874
55
574
856
204
633
215
249
482
556
163
18
43
832
780
774
426
472
401
479
738
107
745
659
242
114
781
116
460
334
258
175
403
275
70
55
640
437
825
727
669
624
285
408
684
124
542
464
595
171
97
487
351
362
890
293
372
665
321
498
349
765
820
145
342
126
299
494
14
529
144
458
228
316
354
267
599
415
265
488
666
94
614
577
888
217
240
495
780
607
783
120
832
602
346
84
272
447
282
255
719
813
803
802
886
229
202
685
624
167
277
770
757
532
132
569
830
530
266
386
274
553
685
537
653
818
688
889
719
651
321
11
324
85
287
646
662
417
605
621
56
512
270
597
691
268
634
405
305
54
578
138
273
638
869
465
609
742
736
235
75
336
452
159
422
685
377
869
420
872
257
244
554
861
438
805
347
606
739
180
359
736
618
133
66
736
757
833
39
252
383
437
641
35
387
169
13
878
147
158
876
389
356
558
718
664
57
54
177
243
110
368
754
692
189
427
292
647
78
638
589
897
277
461
700
383
651
800
444
854
828
421
663
438
437
400
33
432
39
676
154
183
713
836
67
275
381
847
598
836
829
627
467
15
199
268
622
688
601
880
440
682
449
196
850
300
520
317
85
592
791
263
650
103
79
73
499
871
654
215
517
846
389
49
701
137
231
265
580
646
853
245
849
499
788
608
250
501
485
574
900
498
182
387
330
73
579
371
67
514
290
322
129
593
627
204
302
390
334
746
682
404
350
142
655
426
868
277
582
803
498
549
592
638
444
447
548
792
801
181
419
310
589
556
654
462
669
548
482
820
356
650
254
897
571
168
780
738
273
890
80
304
602
780
730
581
426
706
158
834
508
719
465
23
451
532
709
860
314
135
375
670
607
773
892
660
527
564
317
346
272
497
587
723
470
406
713
66
739
485
311
455
180
725
761
849
340
846
793
443
269
43
698
306
20
577
799
640
161
507
394
583
332
823
860
802
659
301
463
768
98
88
890
102
380
555
514
200
80
479
383
589
559
700
102
542
286
221
48
381
621
719
247
874
464
175
631
439
795
582
217
811
279
258
645
166
96
41
470
386
90
165
844
447
722
246
465
460
122
91
814
140
853
89
145
850
189
811
54
100
169
444
214
822
520
635
456
149
675
329
354
822
515
869
218
406
283
31
295
37
243
621
120
566
536
397
659
322
438
466
529
342
728
699
704
12
115
819
655
172
552
412
730
171
874
188
357
710
395
653
536
191
735
695
557
16
524
702
433
262
761
11
227
831
469
78
356
217
32
61
648
727
803
646
117
366
778
284
50
158
773
316
236
227
796
403
790
192
250
813
748
676
199
475
884
180
621
653
37
97
45
40
742
400
562
820
874
218
751
566
670
136
226
232
307
657
619
48
193
293
636
206
19
328
857
315
87
590
98
281
377
543
762
791
680
298
30
807
514
797
426
75
817
205
820
354
95
796
114
44
183
381
212
325
209
352
503
669
835
878
731
139
478
722
25
879
40
668
366
649
253
542
807
863
478
762
660
838
62
663
310
572
69
325
556
444
345
273
887
132