1000
112476
761064
589332
738464
182150
663105
138582
350512
545058
834107
751377
350471
827562
211508
977108
799073
346773
812187
34372
364343
173240
537923
924936
911723
957601
207639
395593
666240
986813
705904
458036
41263
554756
223448
769158
764239
809496
437817
384924
386649
881209
40659
683338
131030
106922
83962
648257
625916
949920
223374
178930
267693
108257
753556
237262
384795
227059
840919
880511
558226
596576
354282
730416
530423
964532
835959
929361
720429
654199
339918
267237
63992
177489
13055
746325
718505
752098
899476
272809
555887
216470
41520
284374
311857
353164
538830
942095
123786
696123
743585
73922
883215
176924
847351
517949
395850
300050
274546
420930
943194
324306
82330
334133
604706
188100
778153
165840
733330
84639
2626
955175
19027
19367
953553
655365
645959
413217
250871
939140
319886
120769
991303
34035
151581
672829
860809
903887
304591
707121
161015
37388
222158
617009
41212
429267
524200
979049
637074
257700
127895
286198
901142
947690
906187
971066
518350
874841
659465
500353
200134
946271
779127
679201
466535
914578
47610
656706
15304
244748
221683
31914
339825
335246
501367
398960
267965
579510
164580
891299
1733
854032
407719
709067
769956
542348
806962
374359
272756
28889
378798
988349
765078
211259
933255
948276
280009
16147
8200
132570
374337
171219
385652
78699
27788
103597
628150
122444
811384
800986
898868
459202
787977
261042
518255
814453
610124
908346
38670
211685
521847
500967
801034
419613
209244
956486
827669
863270
589784
750021
401704
452551
934228
987145
322186
87636
90432
855167
867070
965860
234653
616957
654068
676736
40111
599681
445749
457728
376690
464702
20982
282368
956042
985221
599082
736293
479969
353127
187348
835590
240545
343005
125450
419156
336161
151070
792995
824391
652138
975793
11967
375651
738598
633151
977254
49535
772452
901532
35056
331819
861595
928741
113438
839979
687190
311962
85672
986905
742335
801236
174547
763398
488348
598052
330850
282397
806214
116937
429861
482189
200617
322291
87236
280271
44397
419746
885739
391783
534438
851418
954448
220552
15223
37584
833870
661613
952641
645654
762405
510503
324443
331892
268254
767771
920632
708243
692637
968285
628658
941609
81461
830212
721368
793178
806848
467786
968508
902960
32897
455198
667388
19432
882301
405540
609709
694765
882402
324433
264139
787392
317085
263492
365730
263280
585417
366827
172340
115216
569804
430283
496786
966844
110417
820473
548634
903529
559474
188935
756401
474234
280878
143272
673980
972184
208089
280399
346209
43417
555486
769029
368391
357596
470059
138265
332892
760575
585454
763258
120127
185439
46826
371420
177690
253804
708971
423013
823519
69829
889095
421573
721700
351869
248103
789441
497228
658704
67015
567256
190175
265485
734422
151567
933503
292898
523582
124060
773834
243915
972397
185722
128884
906460
545252
496708
601159
231278
242776
180405
887871
665430
636947
423561
817578
319105
366135
820062
306109
572408
311343
108852
757869
297604
700707
821630
57793
436097
558868
240747
972643
529352
595874
370563
844074
986561
274365
469985
158210
847276
127289
104646
105241
551563
847412
666852
415378
998617
410291
409667
746717
734050
1399
223774
720375
543348
156774
555535
97174
222563
284490
13711
739787
471556
323117
191053
163882
987304
202574
400478
680576
953940
554052
227862
76502
636555
162196
550849
381385
973477
482104
382787
703968
897511
638380
679310
787772
131965
514544
992272
351976
307940
475796
562326
374277
891568
349008
650400
93985
698943
565838
327626
379936
782336
499910
661722
353086
70425
385408
981828
500431
263886
939026
534580
391944
265340
33015
584515
786233
217746
202651
283850
959879
355365
242756
445971
75612
937734
245736
933716
262772
17297
708323
982104
196962
350047
287016
531426
995264
411523
181809
26157
360526
806627
707646
300847
449542
36273
584453
134275
668606
198818
110166
707500
729924
641799
23095
464127
440901
25650
661120
998830
980695
857563
391857
650786
573260
85755
546553
915862
193101
219309
839768
790692
98217
863154
284348
493944
942285
18430
375183
602210
578881
886551
124329
296046
892949
495989
948002
720303
996614
198591
296579
59194
420040
281549
216257
681611
28666
295500
143262
326463
759041
49031
160732
801472
312178
153525
208418
276110
278177
186684
351836
802961
522792
683858
501969
510924
324150
101526
823089
438204
112720
379686
171054
605617
377175
881045
952231
390
866441
584478
89754
306400
209442
917268
250887
968237
19074
261673
438774
937926
274259
901959
666809
585684
768562
480887
522323
720222
727461
229562
839759
49784
214944
709490
231700
768423
391101
266611
630220
194679
632691
612383
849704
253023
101730
63100
263044
529008
106584
804769
185476
350594
316986
429533
570540
278274
537450
612964
55822
108234
116854
702791
290896
661822
48030
249136
475122
977049
154062
272913
645775
942752
451724
777509
770
256393
272194
998271
256987
921158
874093
992654
733558
367279
790464
899727
25456
811116
995422
800181
465794
275976
339263
968364
521536
384094
586710
606998
911321
515941
664497
410876
685301
39111
302587
748602
268140
716291
53576
250599
928830
711038
628784
200394
863091
300415
849418
960837
461790
408005
432096
592254
63587
380742
816975
422839
260166
12710
518994
647426
418733
785403
478244
537491
322401
150320
937932
181817
60502
593199
37947
666710
576827
393943
78872
571030
316393
621736
724571
988051
514586
545174
302902
797658
910706
945814
677422
258954
355044
614060
963973
314664
900831
959756
418058
430391
83945
232024
3133
439274
707515
925770
34330
770534
710743
701999
521493
733960
336593
426635
837925
842797
630697
538228
550416
757139
947302
367996
965289
250922
215686
39013
117533
674319
993507
498886
378429
415246
696952
463622
962693
689367
115045
920041
459539
161114
984480
528512
40237
993593
552215
435898
180805
708649
498263
89348
799722
620248
105838
970642
693340
36384
515637
522393
249733
815321
840419
479011
108509
936247
508142
3311
410613
329156
691124
10583
7271
865583
816855
404697
157133
197926
624326
10843
862679
933858
517075
451095
998957
414796
715872
391028
861959
592241
485709
919419
194711
15932
99973
405883
843123
201748
793124
665874
190405
133851
534890
847244
789989
619610
448019
370311
616360
99019
60971
921648
289094
109660
283720
403965
39580
292528
487717
723113
258489
967696
260907
213166
464640
48620
121759
779752
430266
825439
959212
751919
34593
634619
957324
571338
369086
463736
67576
227367
104078
294018
93194
503691
43198
811212
216280
8865
734200
154899
230683
287566
56040
647242
313298
100044
213487
840498
400262
196508
147977
74438
298922
909120
951469
483544
36768
634376
457164
969944
968826
514060
289387
503693
392556
179208
13721
381673
384923
670304
554401
678022
63402
168119
193189
293062
913234
458980
772919
260316
310452
373118
127934
222624
662440
982782
541612
196166
538595
555667
768302
443989
332994
43851
396740
253377
42036