2024
7244319
1875754
450864
9594641
8268030
2436408
48350
6424003
3088844
4009751
5496848
8605337
1891816
3640347
9716511
6315513
7335092
141419
993212
4389398
394745
5923890
3393750
2130226
5576833
3050038
8171929
3414037
2303222
4929922
6380264
8790397
7980057
9978143
6469381
8143812
7357997
4398823
411794
7128774
5135902
7097318
2915839
857623
6629976
3134732
3569552
8060398
1288560
4583994
3467054
9338044
6841108
7859625
741893
2867581
1925262
592135
5514076
3442524
5756133
8549059
1646394
916793
5848168
3751745
9473681
3523474
4857255
1717840
4506442
4869942
5617822
1834849
6173754
6548588
6105110
6224798
7860659
9871970
9861300
5038474
9125669
6749926
6599578
3121990
7241090
6176785
8593123
1114041
7893006
2183093
8787279
2120702
2040006
8592105
3833690
8952618
3193031
2533680
1012218
8155280
348970
5540027
6857
2719264
7303998
144366
8472361
4747273
9054099
7132973
1754328
2918133
6968208
4696000
3665948
3241340
6321301
7279568
4811181
1949945
4599867
3965569
973110
8537871
2746140
332955
3677874
9579903
7934175
9598796
462361
5763737
14497
5118695
965591
8555213
1147363
9831192
6918841
2824958
3309808
439069
1173708
9306809
1101599
6305789
4090689
961066
2619148
5286996
3729643
7629446
7712429
6670185
6500031
8506495
4569482
847384
3999936
7172927
3530896
8749515
1154656
5940674
2385165
4595480
7336880
7181351
6857818
5318099
4674245
9290565
3228519
3728045
3366884
6458978
7818801
2420839
6791413
4639893
7373133
2749195
6386879
320397
661574
9517967
9572778
113959
7883402
4449386
833644
576939
733460
8789662
3425893
4960993
2824028
1185532
159774
7843828
7333306
786425
1254611
2662654
4776695
7757510
8679660
102848
457853
9163014
1530106
7399831
5916578
2339168
6607453
4388696
3361046
1021508
221823
771299
9848532
66772
7798408
7363184
2092545
1219682
3213890
6381272
4856564
9158741
6051421
6308988
2432036
3021316
9400750
1509167
2676348
4594798
8985610
5470316
4442918
4409572
3514429
8272642
3486457
4722196
8476616
7444470
7148106
7535902
7792638
2111657
6709877
3354763
1716670
2978360
64331
3663151
8419894
2027283
5552717
5624400
1680867
867673
2117856
3092408
3803310
1671594
7456634
4449570
9359608
7227277
7526786
3481811
8463245
5141126
9345941
8420425
1386462
4381751
1051500
4909766
2649794
8692126
6705902
8861218
8797140
7538716
5613219
5807177
8122527
8766194
7707976
4587712
9327446
2936488
6060396
4773206
4340817
9560175
1092994
5431743
1719755
6171122
1659477
3133288
7052860
9108853
1002084
6266076
1799215
717212
9568939
4494379
207430
151605
2025215
8668716
1797230
2102066
477823
1859152
1597013
9455175
7665825
4408972
589024
22261
356894
3585597
9103571
2214966
8166188
1997765
4357214
893226
6238861
1481817
5045475
5475819
3946662
2015292
598203
5527939
4769750
645264
1492709
4774628
2876035
2426187
7619286
3634510
4200563
9088136
6438577
1465184
1549732
1991879
404712
6132256
9810629
9933257
1851256
9170684
3701070
1812765
389097
3958518
946468
8351201
1076074
4288791
3415840
2800295
6850772
9738115
4209428
8956296
8355135
609534
4046247
7803274
6348387
5808462
1594207
715531
6114838
4469980
2763058
7596087
8592980
4750451
6585085
3241540
3110006
2120680
1649944
5521486
5071107
6735322
6916893
6509388
2776672
9248131
2361463
9873964
3946664
2877159
3339224
6022271
4103129
1555500
7295297
6967314
5521470
8916335
7580835
1945292
5393784
5382749
5612981
5115599
8786360
8142527
6969179
5348215
2513116
5424775
9891501
1710742
5289247
6419868
2137986
6677364
381203
8468845
4129839
4538388
2954002
2973680
6358828
8448754
1934247
2994253
3137842
9882634
6750360
1153215
6095033
5646658
7788288
7901077
4884497
4883639
6428806
3540879
8913712
6868575
4709282
335444
806405
383530
9648252
5123027
6497732
5351793
802860
704112
32417
7298078
1364182
5477060
2469342
857960
3724386
8830750
5822694
6256974
5224704
962019
1655140
5017420
9635986
5671443
1568867
6823283
6563351
5587162
7240648
9260590
876641
4200238
8911208
9443389
8218219
8795349
3434150
4287865
1993051
8922273
7650354
2182127
6228702
3373091
7815054
5595953
9062376
2116528
8670214
1498798
9188105
9311144
1380553
7029029
93279
5202834
7265639
9212583
3193563
2513194
9824240
7714733
8701750
1580234
1810399
8758915
5912179
5813949
9657847
2268997
8219023
6720481
8877495
6178833
2914864
7277414
9345223
4970832
4447759
7058745
5708575
1611347
5601672
3819542
3322645
8522089
2446330
6653448
2385636
6555486
8870946
195929
4454740
7140241
9463561
4868956
2610948
3852814
5656480
38503
6734886
8938971
4633411
6151206
6555719
5905348
4587132
8078453
7089777
1483544
5234154
8778818
6906639
6616183
8670837
8137752
8910251
5490804
3976807
7552521
6712914
303746
2723690
4525087
2536523
7869750
7749692
1705007
7669387
2958921
361813
4858793
4490301
9208227
5397825
1245605
5678096
9105187
2319465
2881010
9808874
7391451
2785292
9636541
8380945
5374237
2649901
871500
80943
4870493
3854137
202625
391233
1541175
3340608
6824763
5349024
8153557
4093502
1037506
2946478
9036474
4414919
7520202
4204008
1891829
761891
1482352
4077851
5787142
5862703
9737315
7912372
4233427
1366700
9875796
6807137
141866
779536
558392
888955
6609835
9055789
368121
2956013
9270637
8050353
980208
6582046
9436873
8082203
3974579
6414858
8641446
8602093
4175165
7015996
1542251
4334306
2475621
9517917
3890844
4818142
4405803
8324284
7063929
5335638
1769031
8190294
5601069
5517058
3885654
1064347
6500705
7184023
383012
22802
6162548
5539493
6057451
122079
7946199
9364034
9192086
7014190
9372543
6799403
6747067
8431369
7255226
1974396
2142090
2098139
6968991
5694436
5940855
7480625
9367271
7838829
8960640
4038820
6207464
7811483
7249871
961712
87006
2668521
2149802
3998023
4967614
5277308
8366498
5674818
1940519
5829123
9396612
4566643
1809497
94093
559156
2127674
8506398
3904509
781723
2935467
6080852
5464707
4830341
2091134
417326
8006930
3879985
4085708
2711180
3236232
8889440
6152819
1571348
5254294
1301127
246053
4069870
5081909
2434062
5706739
4335730
2275308
7633683
4747360
5092425
6684176
64995
3540729
9568529
4104782
4383065
6503801
8952351
5110486
5515295
8106770
4916871
2015860
6699335
508072
9231968
147952
2183100
958660
1967459
4988906
5506585
2520712
7950461
9036481
8515834
5200538
6049333
4183567
5534024
4547562
8223819
6566270
671474
9116804
2838554
1134523
7253792
8079429
2186613
9417941
4976255
8310814
206701
3744635
4219667
2642442
5310621
3621904
1364261
654420
7197820
9895021
1033438
296631
5365885
8263985
9293592
6589158
3014807
4959755
1519305
7066387
4328112
8263324
352640
9656226
7440475
2187345
4863093
2942743
3523459
7771601
9224541
2319664
3159471
8910725
3426658
9076144
3232841
7869791
1558970
2133700
4409129
920112
6109455
8716455
6074634
7555442
5914502
2992425
5846026
7034714
4235502
183822
5524895
415033
8510975
9817425
6286238
8411600
1683902
2104912
8928
5183006
4243524
6885099
9657114
8583972
127243
1841675
4014188
3912304
5727253
8720313
2499186
1086242
9254665
2960984
3205174
5376002
1117293
4159226
2520144
7241024
5006091
712101
2109902
613292
549436
4189731
5640024
6391966
5268899
5403015
5222127
1954832
5716840
9480356
5329388
1179023
4673267
9890571
9863339
2624749
5494494
7024665
186944
2943063
2218941
5545085
7797153
2120411
9219485
7431858
391415
8234247
5195667
2932095
9246600
5111048
5742220
5124920
351831
6356588
7943195
4512312
251733
2089222
7574668
9142622
3089436
9764923
9010467
1799406
4187989
3407350
4760046
3186846
5198258
9540344
7686637
3362496
2306644
8315483
2828792
8693267
512540
2731252
1035633
6581182
7105664
9148041
2508591
4420266
5275597
6137898
7547732
4312015
7232287
6855963
1977462
8118144
3725450
4691212
1566691
5782996
4406457
2314742
5007527
9393527
2888729
3980368
781809
5953686
6239938
692973
3986742
8764818
9725222
1500410
5712510
6837271
1080027
8420173
9045856
9027098
1600198
8722325
6103076
4484549
281602
2885341
9772478
161976
9063273
7647233
878501
9439818
7450620
5537753
7669414
1153228
4420741
9630836
1607435
9862644
8283720
1102677
9321610
8913941
7759846
2899550
3081242
3572216
9577862
3420614
3671165
3004141
3768907
1436194
9840151
4680637
9955488
8378849
464328
7405136
203879
9266262
6802930
286202
6321
1579343
9545541
9618024
6338484
68591
4261441
8512570
7648086
1489691
131986
3048932
8194203
5193714
683522
3291415
9822051
2356571
3240549
360557
9788188
9511567
2477730
2897875
399751
7947445
4164205
268285
7574352
2594461
6678205
7387514
3888894
9858084
7986598
5808623
4527865
2701465
3097279
3170225
289537
7217314
1975965
6094866
8854279
9990934
7990300
8496699
3686054
754631
1671417
6885099
7992006
4145553
8183817
5666427
5648188
4452767
2281560
6226875
3891646
1526091
9259909
508076
1840378
3804955
3428819
3310439
9956512
7823784
8658102
2570281
819461
6216703
2245691
7160064
8722644
4090093
8117372
8055869
3327426
2125068
711740
5028860
7243332
871249
5323373
8450599
8207918
7385611
5820815
7395179
2177311
5647278
2222290
6738777
4862427
1952678
1635907
9653551
7373415
5994314
5661800
1683218
4937961
2619291
1851592
9250389
9000862
4657806
2741047
9998629
1144659
7548216
7414911
4368402
7659944
1598290
4328472
3229177
3442087
9766878
5351318
2300510
5041673
2607114
7313438
8801538
3838880
1845655
6123189
3685011
4069270
1568666
1098627
4339107
8906032
6602247
6522287
3236660
1439164
4516060
3108054
2346322
6126048
2969210
997466
4997982
9603067
7501707
5097055
4581805
5614753
9110059
3990769
1901714
1248663
7648194
1696628
4631872
1365401
3731471
1718293
6221170
663445
7998665
5340675
320513
1536162
1657880
2591345
305468
8060050
8065407
730490
9220607
4357987
9943561
2772405
8012561
9467922
7305894
7528274
2854632
1950813
5568989
4287267
3546816
2765253
9238082
535359
1149147
8046255
7159349
5339988
6956346
9881263
7937046
1388742
9952328
9249125
5841957
5853803
7872173
9800607
7929094
4070006
7912915
9981383
8655163
8259344
4324952
1220370
8646037
4690817
6340028
5468907
929614
3231214
4246698
4654682
8211216
2345889
6532143
9288845
8701067
4484855
878687
5870004
7753658
4517185
4849116
7255225
8662575
5959329
929980
984916
6568135
4012893
1249997
4421093
2859335
7748754
9159284
7241590
8599345
140118
4620982
5616359
4647772
7426072
2633546
2554844
3757187
9237861
8384743
8938168
9751847
4796842
6938630
1613676
715138
8087939
6046468
8818925
4273229
7169937
651176
7224617
606319
9704698
9850199
7721386
502243
7416791
4053821
2933727
8892903
4125409
6755336
4778749
4330960
7358423
2292438
9145493
1237614
8027515
7430853
8338466
4509219
4783923
356954
6385567
6830780
8491198
2703823
5794532
3566652
1202149
6756387
230034
5095459
1408633
634660
1064652
1056488
2277816
3745695
9718499
7476528
5369732
9433570
731525
243771
121206
5566107
448010
2815716
9246176
5999997
3834125
3656266
4370124
6691097
7350214
1135018
4043470
4448956
1117556
2934685
4184042
1335818
5019855
3112083
8357741
1340024
2026316
3946572
1102395
1317020
2676803
8436363
5552276
6991082
5131167
1057867
2134740
3862672
1080121
548065
7786339
391230
2698120
3706438
2726796
8540350
8273646
8242751
1101703
9688050
8277239
2124166
4579284
7772070
6868956
2769335
9546671
9030422
3269409
1031313
3700604
921774
4837906
3230191
9842967
1177063
3120815
6065213
8443863
588965
9852597
5817067
620173
4430986
4719440
2226375
7875085
9266345
7197887
1998343
7560091
2253424
8007087
8881009
6721921
8265278
7319184
6070763
3728420
6355637
6255478
208295
1792286
3123110
2457914
139415
8121829
8533035
649551
4160867
2879209
6998014
705377
2441490
9722024
5515512
2093836
3449120
2817013
4613998
3438051
6871842
2122051
4597943
9752072
5293192
9530300
5157277
7451258
4031196
5909663
8053761
933259
1075324
8179740
9083027
7277871
8220078
6192306
9595975
2033562
5847300
9753570
4616165
3134490
8513612
6165923
4092660
6413989
7851807
869605
1086482
1711633
1878473
3279654
456118
4432962
3510625
1416235
6818514
6356974
20776
3608536
9651085
3382957
6764521
2054407
610301
9221283
545363
3288905
182051
8264847
6825542
1766936
4386498
4906475
3340222
2005229
3436585
12333
4773532
2580080
2378997
9181988
8947625
3528924
5255336
9433494
1190561
5778340
3785484
9418669
2127543
9972691
723330
8421279
4471733
4655731
9876483
628638
5394307
9735102
3372449
3812941
8454713
8875984
7235147
3472109
1996751
4059877
5498373
2475207
8567949
3607811
1663288
8069535
1243978
9041122
6280669
3623168
2192651
3690631
3151017
1117984
7547676
8725147
7346512
8253534
8455915
2608594
3898485
4021224
7449549
6371612
5345179
7276993
6719833
344400
9852286
963711
3285526
7353845
5051045
8894342
314886
8471769
4349646
177126
6147755
9082076
1608062
1954153
4984044
5971596
2285312
7248652
765380
763438
9284305
5955560
9703302
4999345
216921
3217626
5468991
2169583
9625390
3267574
3865162
4133013
2263728
9507951
226293
8096969
8595468
9648305
1563579
1038963
8121904
7981514
4388708
4541983
506696
8319469
9916128
4409395
3989864
7401140
6785971
4503723
3914495
9975999
6822118
2938274
3151173
3875278
9239926
2108525
9776716
5082830
5907320
40677
3003750
6048780
620569
1264882
1250264
3045950
5280995
1196278
5571513
7571830
9213171
5466065
451304
2037817
491409
1901586
8259332
1153024
8072610
584640
4622241
9065091
2561106
3829630
8172570
5786502
5403941
6513212
8053390
1900233
2598452
8239175
376206
1640831
4092917
3288855
8351312
9986642
3843505
6341598
9049659
1279947
6216992
3628047
3632795
9040076
5685592
7852706
4102187
7889882
6990523
1666026
7826890
2609639
1349050
5406784
3270027
3035390
8255676
5320744
6515996
997063
3354044
4676155
9832854
375549
4218703
5452676
3182927
6011832
7595683
7600066
7570748
9625603
3654539
8903422
4240438
7792718
4773094
7357656
6807864
9619259
2788174
1787239
619539
8497609
8916947
60770
9019113
9475311
9963902
4886914
843907
4616144
5735558
5749233
1773180
843999
9316899
1096674
1670665
4384159
8532640
9545851
8783135
2427411
2575421
5154876
4259062
7955982
7080290
1396595
588374
4768356
8982489
3082196
5381778
7957112
9068674
1570002
3241334
2745488
6024452
4953708
3226037
3413557
6851371
783287
3911748
4069067
7654559
4202042
2696785
7148814
2966903
7521289
5565174
3769711
8649706
6851180
2732136
2708277
6312024
3817978
1586649
6255349
6662283
487497
5135569
2291099
9935317
9107873
814714
6485001
7846920
7963159
5736350
1610570
6466863
5585290
3824293
4624836
5558062
1321090
2138195
4726336
6444103
4778718
3197997
1310243
4463579
8572698
4322283
5463198
3495932
4861563
9582968
7906801
8377481
7217787
7923461
868970
8937765
9120551
1302841
7307479
6678474
3876281
2109237
3052185
7483952
9850725
6237147
6362776
4145650
6898560
7121506
8516854
6206772
4519244
8396377
1901752
6868380
998024
1959567
9928643
3449269
7764711
94573
3522184
2080292
8603980
6702453
5582954
6627241
7667129
274868
1410364
5637082
7666827
7065361
2755997
8438480
7907859
9935481
4069299
9978886
2286851
7806296
2899428
9560174
5837784
6438861
4011267
4521373
5392755
1237176
4432496
4671739
4256544
4796363
4873230
8324084
2364608
4197937
89558
5269948
7470728
539624
5445997
1650504
5162887
1829218
3301866
3064339
269849
6678205
9923174
4413356
4327907
3722200
7606199
3978098
3022789
1842820
1414469
7009627
8786671
2595832
8734899
5342255
8913046
8411954
8912608
6927869
7293305
5336937
2194895
5646500
8316525
6882345
7299638
3105970
24899
6840048
6927569
8370517
5602721
6642912
7419550
6845210
6418401
9381090
2855020
7707286
1471069
8851849
588026
8580996
1418105
7152036
3036871
4213307
2247572
1081281
6898287
8121946
3734190
3607205
9288129
1775216
3836550
8805700
9437450
9664982
217152
9086202
7336187
2132921
9442232
7043646
1312331
3265816
8473037
9705878
1877529
9435949
3807659
3394307
5794182
9842473
3683004
4206883
5719717
386325
3424957
7766632
1533924
3611486
1971801
2560767
9682578
2568933
7442132
3810143
7975454
2636777
4216327
7162516
3682744
6889548
7879702
9677363
7873087
7792071
6504485
4186744
8988365
642021
1931986
329908
8897316
7773716
1067186
1222605
54720
6800395
9036432
8801206
2413330
1126070
9838595
2445018
8028266
2433917
7229935
6698016
7755969
9681174
5460149
9196628
5453911
4922151
7564924
4945362
7265782
7368157
90974
4911543
4623884
1268669
4544657
3477062
1052611
6010931
465373
1843021
912164